0.0 0.0 0.0
0.0208333333333 0.0 0.0281654916846
0.0416666666667 0.0 0.0560866433538
0.0625 0.0 0.0835214563649
0.0833333333333 0.0 0.110232592123
0.104166666667 0.0 0.135989645839
0.125 0.0 0.160571354087
0.145833333333 0.0 0.183767716235
0.166666666667 0.0 0.20538201154
0.1875 0.0 0.225232695675
0.208333333333 0.0 0.243155162598
0.229166666667 0.0 0.259003359807
0.25 0.0 0.272651247011
0.270833333333 0.0 0.283994089844
0.291666666667 0.0 0.292949581355
0.3125 0.0 0.299458784363
0.333333333333 0.0 0.303486887369
0.354166666667 0.0 0.305023765556
0.375 0.0 0.304084336589
0.395833333333 0.0 0.300708698929
0.416666666667 0.0 0.294962038495
0.4375 0.0 0.28693428856
0.458333333333 0.0 0.276739528294
0.479166666667 0.0 0.264515107965
0.5 0.0 0.25042049393
0.520833333333 0.0 0.23463583413
0.541666666667 0.0 0.2173602547
0.5625 0.0 0.198809909721
0.583333333333 0.0 0.179215818387
0.604166666667 0.0 0.158821535936
0.625 0.0 0.137880715939
0.645833333333 0.0 0.116654631721
0.666666666667 0.0 0.0954097340285
0.6875 0.0 0.0744153316759
0.708333333333 0.0 0.0539414938119
0.729166666667 0.0 0.0342572900013
0.75 0.0 0.0156295128488
0.770833333333 0.0 -0.00167792363225
0.791666666667 0.0 -0.0174036325639
0.8125 0.0 -0.0312870229756
0.833333333333 0.0 -0.0430644883834
0.854166666667 0.0 -0.0524622898142
0.875 0.0 -0.0591838383546
0.895833333333 0.0 -0.0628867245539
0.916666666667 0.0 -0.0631390867502
0.9375 0.0 -0.0593288697505
0.958333333333 0.0 -0.0504464703776
0.979166666667 0.0 -0.0344446598158
1.0 0.0 0.0
0.0 0.0208333333333 0.0
0.0208333333333 0.0208333333333 0.0261173298793
0.0416666666667 0.0208333333333 0.052012677598
0.0625 0.0208333333333 0.0774661586666
0.0833333333333 0.0208333333333 0.102262063764
0.104166666667 0.0208333333333 0.126190896347
0.125 0.0208333333333 0.149051351555
0.145833333333 0.0208333333333 0.170652218881
0.166666666667 0.0208333333333 0.190814192746
0.1875 0.0208333333333 0.209371576982
0.208333333333 0.0208333333333 0.226173871293
0.229166666667 0.0208333333333 0.241087229786
0.25 0.0208333333333 0.253995783529
0.270833333333 0.0208333333333 0.264802820562
0.291666666667 0.0208333333333 0.27343181772
0.3125 0.0208333333333 0.27982731876
0.333333333333 0.0208333333333 0.283955652634
0.354166666667 0.0208333333333 0.28580548419
0.375 0.0208333333333 0.28538818734
0.395833333333 0.0208333333333 0.282738028175
0.416666666667 0.0208333333333 0.277912143036
0.4375 0.0208333333333 0.270990294974
0.458333333333 0.0208333333333 0.262074391968
0.479166666667 0.0208333333333 0.251287752452
0.5 0.0208333333333 0.238774108481
0.520833333333 0.0208333333333 0.224696344409
0.541666666667 0.0208333333333 0.20923497894
0.5625 0.0208333333333 0.192586410062
0.583333333333 0.0208333333333 0.17496095493
0.604166666667 0.0208333333333 0.156580729014
0.625 0.0208333333333 0.137677420156
0.645833333333 0.0208333333333 0.118490023093
0.666666666667 0.0208333333333 0.0992626087763
0.6875 0.0208333333333 0.0802422114125
0.708333333333 0.0208333333333 0.061676926453
0.729166666667 0.0208333333333 0.0438143277548
0.75 0.0208333333333 0.0269003365152
0.770833333333 0.0208333333333 0.011178715796
0.791666666667 0.0208333333333 -0.00310856491049
0.8125 0.0208333333333 -0.0157197279905
0.833333333333 0.0208333333333 -0.0264097644129
0.854166666667 0.0208333333333 -0.034924206839
0.875 0.0208333333333 -0.0409883605943
0.895833333333 0.0208333333333 -0.0442887462467
0.916666666667 0.0208333333333 -0.0444403657028
0.9375 0.0208333333333 -0.0409267214414
0.958333333333 0.0208333333333 -0.0329866019543
0.979166666667 0.0208333333333 -0.0194147385637
1.0 0.0208333333333 0.0
0.0 0.0416666666667 0.0
0.0208333333333 0.0416666666667 0.0242918925784
0.0416666666667 0.0416666666667 0.0483820555535
0.0625 0.0416666666667 0.0720706335864
0.0833333333333 0.0416666666667 0.0951615017576
0.104166666667 0.0416666666667 0.117464085958
0.125 0.0416666666667 0.138795130756
0.145833333333 0.0416666666667 0.158980399279
0.166666666667 0.0416666666667 0.177856291294
0.1875 0.0416666666667 0.195271367629
0.208333333333 0.0416666666667 0.211087771118
0.229166666667 0.0416666666667 0.225182536421
0.25 0.0416666666667 0.237448782957
0.270833333333 0.0416666666667 0.247796786768
0.291666666667 0.0416666666667 0.256154928044
0.3125 0.0416666666667 0.262470511092
0.333333333333 0.0416666666667 0.266710452608
0.354166666667 0.0416666666667 0.268861831998
0.375 0.0416666666667 0.268932294536
0.395833333333 0.0416666666667 0.266950294405
0.416666666667 0.0416666666667 0.262965161004
0.4375 0.0416666666667 0.257046968899
0.458333333333 0.0416666666667 0.249286190548
0.479166666667 0.0416666666667 0.239793112142
0.5 0.0416666666667 0.228696997351
0.520833333333 0.0416666666667 0.216144991545
0.541666666667 0.0416666666667 0.202300769802
0.5625 0.0416666666667 0.187342944949
0.583333333333 0.0416666666667 0.171463265677
0.604166666667 0.0416666666667 0.154864648086
0.625 0.0416666666667 0.137759095801
0.645833333333 0.0416666666667 0.120365573241
0.666666666667 0.0416666666667 0.10290790391
0.6875 0.0416666666667 0.085612771311
0.708333333333 0.0416666666667 0.0687079058427
0.729166666667 0.0416666666667 0.0524205490253
0.75 0.0416666666667 0.0369762994927
0.770833333333 0.0416666666667 0.0225984672929
0.791666666667 0.0416666666667 0.00950809914385
0.8125 0.0416666666667 -0.00207510623753
0.833333333333 0.0416666666667 -0.0119306904023
0.854166666667 0.0416666666667 -0.0198337239547
0.875 0.0416666666667 -0.0255489875618
0.895833333333 0.0416666666667 -0.0288226733166
0.916666666667 0.0416666666667 -0.0293724931713
0.9375 0.0416666666667 -0.0268832572074
0.958333333333 0.0416666666667 -0.0210425821063
0.979166666667 0.0416666666667 -0.0117757204272
1.0 0.0416666666667 0.0
0.0 0.0625 0.0
0.0208333333333 0.0625 0.022668497762
0.0416666666667 0.0625 0.0451536411819
0.0625 0.0625 0.0672737449599
0.0833333333333 0.0625 0.088850445377
0.104166666667 0.0625 0.109710320296
0.125 0.0625 0.129686461511
0.145833333333 0.0625 0.148619985676
0.166666666667 0.0625 0.166361471809
0.1875 0.0625 0.182772315404
0.208333333333 0.0625 0.197725991515
0.229166666667 0.0625 0.211109221513
0.25 0.0625 0.222823040477
0.270833333333 0.0625 0.232783764044
0.291666666667 0.0625 0.24092385469
0.3125 0.0625 0.247192687598
0.333333333333 0.0625 0.251557215055
0.354166666667 0.0625 0.254002525683
0.375 0.0625 0.254532290575
0.395833333333 0.0625 0.253169083121
0.416666666667 0.0625 0.249954553418
0.4375 0.0625 0.244949432944
0.458333333333 0.0625 0.23823334174
0.479166666667 0.0625 0.229904370096
0.5 0.0625 0.220078410571
0.520833333333 0.0625 0.20888822457
0.541666666667 0.0625 0.196482240166
0.5625 0.0625 0.183023093205
0.583333333333 0.0625 0.168685940189
0.604166666667 0.0625 0.153656586995
0.625 0.0625 0.138129490301
0.645833333333 0.0625 0.122305697701
0.666666666667 0.0625 0.106390797451
0.6875 0.0625 0.0905929502286
0.708333333333 0.0625 0.0751210743739
0.729166666667 0.0625 0.0601832540747
0.75 0.0625 0.0459854380546
0.770833333333 0.0625 0.0327304942765
0.791666666667 0.0625 0.0206176812847
0.8125 0.0625 0.00984257985099
0.833333333333 0.0625 0.00059747486874
0.854166666667 0.0625 -0.00692797720557
0.875 0.0625 -0.0125463824367
0.895833333333 0.0625 -0.0160742604481
0.916666666667 0.0625 -0.0173404082073
0.9375 0.0625 -0.0162133176917
0.958333333333 0.0625 -0.0126773106981
0.979166666667 0.0625 -0.00700530330486
1.0 0.0625 0.0
0.0 0.0833333333333 0.0
0.0208333333333 0.0833333333333 0.0212287359188
0.0416666666667 0.0833333333333 0.0422908209489
0.0625 0.0833333333333 0.0630210846002
0.0833333333333 0.0833333333333 0.0832573018114
0.104166666667 0.0833333333333 0.102841627744
0.125 0.0833333333333 0.121621988428
0.145833333333 0.0833333333333 0.139453414805
0.166666666667 0.0833333333333 0.156199309599
0.1875 0.0833333333333 0.171732638772
0.208333333333 0.0833333333333 0.185937041959
0.229166666667 0.0833333333333 0.198707859106
0.25 0.0833333333333 0.209953073362
0.270833333333 0.0833333333333 0.219594172762
0.291666666667 0.0833333333333 0.227566935002
0.3125 0.0833333333333 0.233822140125
0.333333333333 0.0833333333333 0.238326214777
0.354166666667 0.0833333333333 0.241061808322
0.375 0.0833333333333 0.242028295427
0.395833333333 0.0833333333333 0.241242192008
0.416666666667 0.0833333333333 0.238737462395
0.4375 0.0833333333333 0.234565686723
0.458333333333 0.0833333333333 0.228796050776
0.479166666667 0.0833333333333 0.221515117762
0.5 0.0833333333333 0.212826344407
0.520833333333 0.0833333333333 0.202849313209
0.541666666667 0.0833333333333 0.191718668011
0.5625 0.0833333333333 0.179582759701
0.583333333333 0.0833333333333 0.166602029889
0.604166666667 0.0833333333333 0.152947179908
0.625 0.0833333333333 0.138797187586
0.645833333333 0.0833333333333 0.124337243164
0.666666666667 0.0833333333333 0.109756677975
0.6875 0.0833333333333 0.0952469554551
0.708333333333 0.0833333333333 0.0809997850734
0.729166666667 0.0833333333333 0.0672054067068
0.75 0.0833333333333 0.0540510758717
0.770833333333 0.0833333333333 0.0417197563263
0.791666666667 0.0833333333333 0.0303889884805
0.8125 0.0833333333333 0.0202298329553
0.833333333333 0.0833333333333 0.0114056531323
0.854166666667 0.0833333333333 0.00407022532387
0.875 0.0833333333333 -0.0016358983094
0.895833333333 0.0833333333333 -0.00559298448771
0.916666666667 0.0833333333333 -0.00771803693832
0.9375 0.0833333333333 -0.00799681648705
0.958333333333 0.0833333333333 -0.00654207136239
0.979166666667 0.0833333333333 -0.00367732203727
1.0 0.0833333333333 0.0
0.0 0.104166666667 0.0
0.0208333333333 0.104166666667 0.0199558721183
0.0416666666667 0.104166666667 0.0397603138238
0.0625 0.104166666667 0.0592632018991
0.0833333333333 0.104166666667 0.0783170127917
0.104166666667 0.104166666667 0.0967780861725
0.125 0.104166666667 0.114507846395
0.145833333333 0.104166666667 0.131373970233
0.166666666667 0.104166666667 0.147251491373
0.1875 0.104166666667 0.162023834763
0.208333333333 0.104166666667 0.175583777068
0.229166666667 0.104166666667 0.187834332992
0.25 0.104166666667 0.19868957095
0.270833333333 0.104166666667 0.208075365126
0.291666666667 0.104166666667 0.215930093796
0.3125 0.104166666667 0.222205295235
0.333333333333 0.104166666667 0.22686629173
0.354166666667 0.104166666667 0.229892788325
0.375 0.104166666667 0.23127944547
0.395833333333 0.104166666667 0.231036413694
0.416666666667 0.104166666667 0.229189804806
0.4375 0.104166666667 0.225782059828
0.458333333333 0.104166666667 0.220872161744
0.479166666667 0.104166666667 0.214535634389
0.5 0.104166666667 0.206864270198
0.520833333333 0.104166666667 0.197965540427
0.541666666667 0.104166666667 0.187961661522
0.5625 0.104166666667 0.176988317705
0.583333333333 0.104166666667 0.165193068584
0.604166666667 0.104166666667 0.152733496605
0.625 0.104166666667 0.139775168263
0.645833333333 0.104166666667 0.126489492462
0.666666666667 0.104166666667 0.113051558337
0.6875 0.104166666667 0.0996380243385
0.708333333333 0.104166666667 0.0864251122398
0.729166666667 0.104166666667 0.0735867355944
0.75 0.104166666667 0.0612927621226
0.770833333333 0.104166666667 0.049707370488
0.791666666667 0.104166666667 0.0389874059358
0.8125 0.104166666667 0.0292805504132
0.833333333333 0.104166666667 0.0207229727902
0.854166666667 0.104166666667 0.0134358670016
0.875 0.104166666667 0.00751985352742
0.895833333333 0.104166666667 0.00304555240312
0.916666666667 0.104166666667 3.78185711138e-05
0.9375 0.104166666667 -0.00154915143291
0.958333333333 0.104166666667 -0.00186612005588
0.979166666667 0.104166666667 -0.00120337784372
1.0 0.104166666667 0.0
0.0 0.125 0.0
0.0208333333333 0.125 0.018834656989
0.0416666666667 0.125 0.0375317943682
0.0625 0.125 0.0559550413086
0.0833333333333 0.125 0.0739703099416
0.104166666667 0.125 0.091446900916
0.125 0.125 0.108258567328
0.145833333333 0.125 0.124284525679
0.166666666667 0.125 0.139410404821
0.1875 0.125 0.153529126831
0.208333333333 0.125 0.166541717514
0.229166666667 0.125 0.178358048678
0.25 0.125 0.188897519306
0.270833333333 0.125 0.198089687944
0.291666666667 0.125 0.205874873327
0.3125 0.125 0.212204743382
0.333333333333 0.125 0.217042913142
0.354166666667 0.125 0.220365568052
0.375 0.125 0.222162119712
0.395833333333 0.125 0.22243588571
0.416666666667 0.125 0.221204764955
0.4375 0.125 0.218501857442
0.458333333333 0.125 0.214375957037
0.479166666667 0.125 0.208891832608
0.5 0.125 0.202130211486
0.520833333333 0.125 0.194187392301
0.541666666667 0.125 0.185174441351
0.5625 0.125 0.175215963915
0.583333333333 0.125 0.164448482619
0.604166666667 0.125 0.153018491584
0.625 0.125 0.141080280769
0.645833333333 0.125 0.128793635747
0.666666666667 0.125 0.116321513132
0.6875 0.125 0.103827773186
0.708333333333 0.125 0.091475022415
0.729166666667 0.125 0.0794225836196
0.75 0.125 0.0678245706611
0.770833333333 0.125 0.0568279984073
0.791666666667 0.125 0.0465707993839
0.8125 0.125 0.0371795370891
0.833333333333 0.125 0.0287664871136
0.854166666667 0.125 0.0214255861616
0.875 0.125 0.0152265254492
0.895833333333 0.125 0.0102060472872
0.916666666667 0.125 0.00635551372333
0.9375 0.125 0.00360461212677
0.958333333333 0.125 0.00180358848802
0.979166666667 0.125 0.000711173562667
1.0 0.125 0.0
0.0 0.145833333333 0.0
0.0208333333333 0.145833333333 0.0178511532997
0.0416666666667 0.145833333333 0.0355775465417
0.0625 0.145833333333 0.0530554246785
0.0833333333333 0.145833333333 0.0701630276603
0.104166666667 0.145833333333 0.0867815510114
0.125 0.145833333333 0.102796063554
0.145833333333 0.145833333333 0.118096370544
0.166666666667 0.145833333333 0.132577812923
0.1875 0.145833333333 0.146141996712
0.208333333333 0.145833333333 0.158697451003
0.229166666667 0.145833333333 0.170160218565
0.25 0.145833333333 0.180454389813
0.270833333333 0.145833333333 0.189512598476
0.291666666667 0.145833333333 0.197276504833
0.3125 0.145833333333 0.203697298644
0.333333333333 0.145833333333 0.208736256596
0.354166666667 0.145833333333 0.212365385907
0.375 0.145833333333 0.21456817428
0.395833333333 0.145833333333 0.21534044542
0.416666666667 0.145833333333 0.214691289742
0.4375 0.145833333333 0.212644005259
0.458333333333 0.145833333333 0.209236950558
0.479166666667 0.145833333333 0.204524188201
0.5 0.145833333333 0.198575790735
0.520833333333 0.145833333333 0.191477697383
0.541666666667 0.145833333333 0.183331047315
0.5625 0.145833333333 0.174250969166
0.583333333333 0.145833333333 0.164364865923
0.604166666667 0.145833333333 0.153810287281
0.625 0.145833333333 0.142732517716
0.645833333333 0.145833333333 0.131282021631
0.666666666667 0.145833333333 0.119611876538
0.6875 0.145833333333 0.107875295487
0.708333333333 0.145833333333 0.0962232976724
0.729166666667 0.145833333333 0.0848025382404
0.75 0.145833333333 0.0737532592667
0.770833333333 0.145833333333 0.0632072746246
0.791666666667 0.145833333333 0.0532858495085
0.8125 0.145833333333 0.0440972758246
0.833333333333 0.145833333333 0.0357338738269
0.854166666667 0.145833333333 0.0282680727422
0.875 0.145833333333 0.0217471662988
0.895833333333 0.145833333333 0.0161863813578
0.916666666667 0.145833333333 0.0115602055282
0.9375 0.145833333333 0.00779275373167
0.958333333333 0.145833333333 0.00474951865145
0.979166666667 0.145833333333 0.00223480745258
1.0 0.145833333333 0.0
0.0 0.166666666667 0.0
0.0208333333333 0.166666666667 0.0169925775013
0.0416666666667 0.166666666667 0.0338721469234
0.0625 0.166666666667 0.0505265764368
0.0833333333333 0.166666666667 0.0668454707137
0.104166666667 0.166666666667 0.082720999892
0.125 0.166666666667 0.0980486826821
0.145833333333 0.166666666667 0.112728110691
0.166666666667 0.166666666667 0.126663603446
0.1875 0.166666666667 0.139764787146
0.208333333333 0.166666666667 0.151947095195
0.229166666667 0.166666666667 0.163132195442
0.25 0.166666666667 0.173248358001
0.270833333333 0.166666666667 0.182230788442
0.291666666667 0.166666666667 0.190021963082
0.3125 0.166666666667 0.196572014308
0.333333333333 0.166666666667 0.201839221097
0.354166666667 0.166666666667 0.205790659118
0.375 0.166666666667 0.208403051894
0.395833333333 0.166666666667 0.209663836469
0.416666666667 0.166666666667 0.209572414388
0.4375 0.166666666667 0.208141506297
0.458333333333 0.166666666667 0.205398475888
0.479166666667 0.166666666667 0.20138644913
0.5 0.166666666667 0.196165040351
0.520833333333 0.166666666667 0.189810516227
0.541666666667 0.166666666667 0.182415282289
0.5625 0.166666666667 0.174086655388
0.583333333333 0.166666666667 0.164944973527
0.604166666667 0.166666666667 0.155121172412
0.625 0.166666666667 0.144754009911
0.645833333333 0.166666666667 0.133987136145
0.666666666667 0.166666666667 0.1229661883
0.6875 0.166666666667 0.111836043321
0.708333333333 0.166666666667 0.100738300435
0.729166666667 0.166666666667 0.0898090010881
0.75 0.166666666667 0.0791765349786
0.770833333333 0.166666666667 0.0689596312386
0.791666666667 0.166666666667 0.0592652932255
0.8125 0.166666666667 0.0501865018141
0.833333333333 0.166666666667 0.0417994865656
0.854166666667 0.166666666667 0.0341603567077
0.875 0.166666666667 0.0273009226512
0.895833333333 0.166666666667 0.0212236794568
0.916666666667 0.166666666667 0.0158962496146
0.9375 0.166666666667 0.011246168731
0.958333333333 0.166666666667 0.00715769883239
0.979166666667 0.166666666667 0.0034730230751
1.0 0.166666666667 0.0
0.0 0.1875 0.0
0.0208333333333 0.1875 0.0162471560905
0.0416666666667 0.1875 0.0323921770602
0.0625 0.1875 0.0483336911491
0.0833333333333 0.1875 0.0639718358112
0.104166666667 0.1875 0.0792089693668
0.125 0.1875 0.0939503320169
0.145833333333 0.1875 0.108104641152
0.166666666667 0.1875 0.121584608002
0.1875 0.1875 0.134307366109
0.208333333333 0.1875 0.146194807568
0.229166666667 0.1875 0.157173831131
0.25 0.1875 0.167176517974
0.270833333333 0.1875 0.176140266307
0.291666666667 0.1875 0.184007934425
0.3125 0.1875 0.190728060722
0.333333333333 0.1875 0.196255244189
0.354166666667 0.1875 0.20055077334
0.375 0.1875 0.203583578292
0.395833333333 0.1875 0.205331544179
0.416666666667 0.1875 0.205783163423
0.4375 0.1875 0.204939425876
0.458333333333 0.1875 0.202815764041
0.479166666667 0.1875 0.199443805516
0.5 0.1875 0.194872657021
0.520833333333 0.1875 0.189169468052
0.541666666667 0.1875 0.182419098629
0.5625 0.1875 0.174722831733
0.583333333333 0.1875 0.166196201562
0.604166666667 0.1875 0.156966124027
0.625 0.1875 0.147167590658
0.645833333333 0.1875 0.136940208025
0.666666666667 0.1875 0.126424833049
0.6875 0.1875 0.115760484132
0.708333333333 0.1875 0.105081618913
0.729166666667 0.1875 0.0945157815561
0.75 0.1875 0.0841815499469
0.770833333333 0.1875 0.074186662485
0.791666666667 0.1875 0.0646261755353
0.8125 0.1875 0.0555804935369
0.833333333333 0.1875 0.0471131239292
0.854166666667 0.1875 0.0392680451711
0.875 0.1875 0.0320666557973
0.895833333333 0.1875 0.0255044238908
0.916666666667 0.1875 0.0195476078229
0.9375 0.1875 0.0141307683233
0.958333333333 0.1875 0.00915615282434
0.979166666667 0.1875 0.0044961909293
1.0 0.1875 0.0
0.0 0.208333333333 0.0
0.0208333333333 0.208333333333 0.0156039971645
0.0416666666667 0.208333333333 0.0311159657012
0.0625 0.208333333333 0.0464445446212
0.0833333333333 0.208333333333 0.0614996887169
0.104166666667 0.208333333333 0.0761932787093
0.125 0.208333333333 0.0904396743171
0.145833333333 0.208333333333 0.104156191969
0.166666666667 0.208333333333 0.117263490236
0.1875 0.208333333333 0.129685848889
0.208333333333 0.208333333333 0.141351332877
0.229166666667 0.208333333333 0.152191841829
0.25 0.208333333333 0.162143060487
0.270833333333 0.208333333333 0.171144346782
0.291666666667 0.208333333333 0.179138621749
0.3125 0.208333333333 0.186072356164
0.333333333333 0.208333333333 0.191895776164
0.354166666667 0.208333333333 0.196563424181
0.375 0.208333333333 0.200035200261
0.395833333333 0.208333333333 0.202277962363
0.416666666667 0.208333333333 0.203267679049
0.4375 0.208333333333 0.202992012365
0.458333333333 0.208333333333 0.2014530837
0.479166666667 0.208333333333 0.198670072034
0.5 0.208333333333 0.194681244901
0.520833333333 0.208333333333 0.18954505061
0.541666666667 0.208333333333 0.183340009444
0.5625 0.208333333333 0.176163311998
0.583333333333 0.208333333333 0.168128225921
0.604166666667 0.208333333333 0.159360581999
0.625 0.208333333333 0.149994718255
0.645833333333 0.208333333333 0.140169286545
0.666666666667 0.208333333333 0.130023273783
0.6875 0.208333333333 0.119692482151
0.708333333333 0.208333333333 0.109306582118
0.729166666667 0.208333333333 0.0989867297784
0.75 0.208333333333 0.0888436473754
0.770833333333 0.208333333333 0.0789760117226
0.791666666667 0.208333333333 0.0694689781833
0.8125 0.208333333333 0.0603926811812
0.833333333333 0.208333333333 0.0518005900575
0.854166666667 0.208333333333 0.0437276606849
0.875 0.208333333333 0.0361883144225
0.895833333333 0.208333333333 0.0291744057748
0.916666666667 0.208333333333 0.0226535106479
0.9375 0.208333333333 0.0165680558698
0.958333333333 0.208333333333 0.0108359511975
0.979166666667 0.208333333333 0.00535336566983
1.0 0.208333333333 0.0
0.0 0.229166666667 0.0
0.0208333333333 0.229166666667 0.015052978027
0.0416666666667 0.229166666667 0.0300233626961
0.0625 0.229166666667 0.0448291513424
0.0833333333333 0.229166666667 0.0593895008226
0.104166666667 0.229166666667 0.073625253953
0.125 0.229166666667 0.0874594010543
0.145833333333 0.229166666667 0.100817453947
0.166666666667 0.229166666667 0.113627709674
0.1875 0.229166666667 0.125821382631
0.208333333333 0.229166666667 0.137332588322
0.229166666667 0.229166666667 0.148098171864
0.25 0.229166666667 0.158057392556
0.270833333333 0.229166666667 0.1671515046
0.291666666667 0.229166666667 0.175323314002
0.3125 0.229166666667 0.182516839407
0.333333333333 0.229166666667 0.188677251061
0.354166666667 0.229166666667 0.19375129216
0.375 0.229166666667 0.197688381565
0.395833333333 0.229166666667 0.200442539117
0.416666666667 0.229166666667 0.201975157085
0.4375 0.229166666667 0.202258473526
0.458333333333 0.229166666667 0.201279416077
0.479166666667 0.229166666667 0.199043324775
0.5 0.229166666667 0.195576980599
0.520833333333 0.229166666667 0.190930399262
0.541666666667 0.229166666667 0.185177004752
0.5625 0.229166666667 0.17841204515
0.583333333333 0.229166666667 0.170749396013
0.604166666667 0.229166666667 0.162317144102
0.625 0.229166666667 0.153252497909
0.645833333333 0.229166666667 0.143696602448
0.666666666667 0.229166666667 0.133789751307
0.6875 0.229166666667 0.123667325795
0.708333333333 0.229166666667 0.113456599969
0.729166666667 0.229166666667 0.103274378429
0.75 0.229166666667 0.0932253121322
0.770833333333 0.229166666667 0.0834006770698
0.791666666667 0.229166666667 0.073877395704
0.8125 0.229166666667 0.0647171173826
0.833333333333 0.229166666667 0.0559652367884
0.854166666667 0.229166666667 0.047649809071
0.875 0.229166666667 0.0397804129095
0.895833333333 0.229166666667 0.0323471170852
0.916666666667 0.229166666667 0.0253198159064
0.9375 0.229166666667 0.0186482935897
0.958333333333 0.229166666667 0.0122634174597
0.979166666667 0.229166666667 0.00607979258733
1.0 0.229166666667 0.0
0.0 0.25 0.0
0.0208333333333 0.25 0.014584650132
0.0416666666667 0.25 0.0290955472529
0.0625 0.25 0.0434594725988
0.0833333333333 0.25 0.0576042514412
0.104166666667 0.25 0.0714592158998
0.125 0.25 0.0849555941529
0.145833333333 0.25 0.0980267977975
0.166666666667 0.25 0.110608576727
0.1875 0.25 0.122639009738
0.208333333333 0.25 0.134058301467
0.229166666667 0.25 0.144808365907
0.25 0.25 0.154832198184
0.270833333333 0.25 0.164073074247
0.291666666667 0.25 0.172473674608
0.3125 0.25 0.179975299838
0.333333333333 0.25 0.186517419954
0.354166666667 0.25 0.19203785483
0.375 0.25 0.196473889419
0.395833333333 0.25 0.199764557909
0.416666666667 0.25 0.201854170789
0.4375 0.25 0.202696919745
0.458333333333 0.25 0.202262120604
0.479166666667 0.25 0.200539413603
0.5 0.25 0.197543109799
0.520833333333 0.25 0.19331490936
0.541666666667 0.25 0.187924434931
0.5625 0.25 0.181467379477
0.583333333333 0.25 0.174061476063
0.604166666667 0.25 0.165840852789
0.625 0.25 0.156949552634
0.645833333333 0.25 0.147535033541
0.666666666667 0.25 0.137742331792
0.6875 0.25 0.127709328612
0.708333333333 0.25 0.117563282991
0.729166666667 0.25 0.107418552481
0.75 0.25 0.0973752623168
0.770833333333 0.25 0.0875186140397
0.791666666667 0.25 0.0779185351456
0.8125 0.25 0.0686294353316
0.833333333333 0.25 0.0596899260801
0.854166666667 0.25 0.0511224589453
0.875 0.25 0.0429329329883
0.895833333333 0.25 0.035110407836
0.916666666667 0.25 0.0276271297432
0.9375 0.25 0.0204391217219
0.958333333333 0.25 0.0134875856669
0.979166666667 0.25 0.00670129368776
1.0 0.25 0.0
0.0 0.270833333333 0.0
0.0208333333333 0.270833333333 0.0141901629599
0.0416666666667 0.270833333333 0.0283148739384
0.0625 0.270833333333 0.0423091808176
0.0833333333333 0.270833333333 0.0561091041185
0.104166666667 0.270833333333 0.0696520585741
0.125 0.270833333333 0.0828771921556
0.145833333333 0.270833333333 0.0957256075454
0.166666666667 0.270833333333 0.108140425203
0.1875 0.270833333333 0.120066641918
0.208333333333 0.270833333333 0.131450737311
0.229166666667 0.270833333333 0.142239988549
0.25 0.270833333333 0.152381477868
0.270833333333 0.270833333333 0.161820826242
0.291666666667 0.270833333333 0.170500764329
0.3125 0.270833333333 0.178359755686
0.333333333333 0.270833333333 0.185331000853
0.354166666667 0.270833333333 0.191342242776
0.375 0.270833333333 0.196316820823
0.395833333333 0.270833333333 0.200176339349
0.416666666667 0.270833333333 0.20284510261
0.4375 0.270833333333 0.204256133791
0.458333333333 0.270833333333 0.20435820215
0.479166666667 0.270833333333 0.203122929099
0.5 0.270833333333 0.200550844402
0.520833333333 0.270833333333 0.19667530339
0.541666666667 0.270833333333 0.191563476716
0.5625 0.270833333333 0.185314126676
0.583333333333 0.270833333333 0.178052462445
0.604166666667 0.270833333333 0.169922868722
0.625 0.270833333333 0.161080602357
0.645833333333 0.270833333333 0.15168359033
0.666666666667 0.270833333333 0.141885261672
0.6875 0.270833333333 0.131828991487
0.708333333333 0.270833333333 0.121644340351
0.729166666667 0.270833333333 0.111444937619
0.75 0.270833333333 0.101327643461
0.770833333333 0.270833333333 0.0913725453091
0.791666666667 0.270833333333 0.0816433762733
0.8125 0.270833333333 0.0721880441106
0.833333333333 0.270833333333 0.0630390874604
0.854166666667 0.270833333333 0.0542140004312
0.875 0.270833333333 0.0457154705033
0.895833333333 0.270833333333 0.0375316517919
0.916666666667 0.270833333333 0.0296366440351
0.9375 0.270833333333 0.0219913642407
0.958333333333 0.270833333333 0.0145449771961
0.979166666667 0.270833333333 0.00723698825974
1.0 0.270833333333 0.0
0.0 0.291666666667 0.0
0.0208333333333 0.291666666667 0.0138612085338
0.0416666666667 0.291666666667 0.027664760118
0.0625 0.291666666667 0.0413534863894
0.0833333333333 0.291666666667 0.0548711666359
0.104166666667 0.291666666667 0.0681629324069
0.125 0.291666666667 0.0811755812135
0.145833333333 0.291666666667 0.093857756509
0.166666666667 0.291666666667 0.106159940484
0.1875 0.291666666667 0.118034194985
0.208333333333 0.291666666667 0.129433578393
0.229166666667 0.291666666667 0.140311170187
0.25 0.291666666667 0.150618661214
0.270833333333 0.291666666667 0.160304528621
0.291666666667 0.291666666667 0.169311918812
0.3125 0.291666666667 0.177576507622
0.333333333333 0.291666666667 0.185024773303
0.354166666667 0.291666666667 0.191573261179
0.375 0.291666666667 0.197129476674
0.395833333333 0.291666666667 0.201594951655
0.416666666667 0.291666666667 0.204870748216
0.4375 0.291666666667 0.206865207337
0.458333333333 0.291666666667 0.207503199356
0.479166666667 0.291666666667 0.206735630004
0.5 0.291666666667 0.20454766176
0.520833333333 0.291666666667 0.200964150375
0.541666666667 0.291666666667 0.196051204492
0.5625 0.291666666667 0.18991347049
0.583333333333 0.291666666667 0.182687546602
0.604166666667 0.291666666667 0.174532624418
0.625 0.291666666667 0.165619863606
0.645833333333 0.291666666667 0.156122045291
0.666666666667 0.291666666667 0.146204754949
0.6875 0.291666666667 0.13601984192
0.708333333333 0.291666666667 0.125701351809
0.729166666667 0.291666666667 0.115363671627
0.75 0.291666666667 0.105101347995
0.770833333333 0.291666666667 0.0949899498294
0.791666666667 0.291666666667 0.0850874099706
0.8125 0.291666666667 0.0754354314306
0.833333333333 0.291666666667 0.0660607217231
0.854166666667 0.291666666667 0.0569759789962
0.875 0.291666666667 0.0481806744803
0.895833333333 0.291666666667 0.0396617520759
0.916666666667 0.291666666667 0.0313944017127
0.9375 0.291666666667 0.0233430642257
0.958333333333 0.291666666667 0.0154627964054
0.979166666667 0.291666666667 0.00770106954558
1.0 0.291666666667 0.0
0.0 0.3125 0.0
0.0208333333333 0.3125 0.0135899881239
0.0416666666667 0.3125 0.0271296182814
0.0625 0.3125 0.04056903306
0.0833333333333 0.3125 0.0538593446163
0.104166666667 0.3125 0.0669530475962
0.125 0.3125 0.0798043342235
0.145833333333 0.3125 0.0923692601388
0.166666666667 0.3125 0.104605692608
0.1875 0.3125 0.116472953398
0.208333333333 0.3125 0.127931052439
0.229166666667 0.3125 0.138939405846
0.25 0.3125 0.149454958554
0.270833333333 0.3125 0.159429706176
0.291666666667 0.3125 0.168807747022
0.3125 0.3125 0.177522193642
0.333333333333 0.3125 0.185492507663
0.354166666667 0.3125 0.192623033142
0.375 0.3125 0.19880360553
0.395833333333 0.3125 0.203913013801
0.416666666667 0.3125 0.207825732424
0.4375 0.3125 0.210421730412
0.458333333333 0.3125 0.211598415336
0.479166666667 0.3125 0.211283074356
0.5 0.3125 0.209443757027
0.520833333333 0.3125 0.206096581772
0.541666666667 0.3125 0.201307990043
0.5625 0.3125 0.19519140863
0.583333333333 0.3125 0.187898865906
0.604166666667 0.3125 0.179609044155
0.625 0.3125 0.170513792204
0.645833333333 0.3125 0.16080515951
0.666666666667 0.3125 0.150664595386
0.6875 0.3125 0.140255261125
0.708333333333 0.3125 0.129717653638
0.729166666667 0.3125 0.119168130456
0.75 0.3125 0.10869956681
0.770833333333 0.3125 0.0983832787644
0.791666666667 0.3125 0.0882714528549
0.8125 0.3125 0.0783995404789
0.833333333333 0.3125 0.0687883179287
0.854166666667 0.3125 0.0594455208815
0.875 0.3125 0.0503671080446
0.895833333333 0.3125 0.0415382902538
0.916666666667 0.3125 0.0329344898375
0.9375 0.3125 0.0245223851423
0.958333333333 0.3125 0.0162611593368
0.979166666667 0.3125 0.00810402051829
1.0 0.3125 0.0
0.0 0.333333333333 0.0
0.0208333333333 0.333333333333 0.0133692021765
0.0416666666667 0.333333333333 0.0266948357351
0.0625 0.333333333333 0.0399338666657
0.0833333333333 0.333333333333 0.0530442972274
0.104166666667 0.333333333333 0.0659856120125
0.125 0.333333333333 0.0787191214873
0.145833333333 0.333333333333 0.0912081425003
0.166666666667 0.333333333333 0.103417930466
0.1875 0.333333333333 0.115315248285
0.208333333333 0.333333333333 0.126867429345
0.229166666667 0.333333333333 0.138040779977
0.25 0.333333333333 0.148798191926
0.270833333333 0.333333333333 0.15909592374
0.291666666667 0.333333333333 0.168879683355
0.3125 0.333333333333 0.178080405716
0.333333333333 0.333333333333 0.186610437371
0.354166666667 0.333333333333 0.194361137434
0.375 0.333333333333 0.201203064489
0.395833333333 0.333333333333 0.206989815434
0.416666666667 0.333333333333 0.211566128829
0.4375 0.333333333333 0.214780072608
0.458333333333 0.333333333333 0.216498144617
0.479166666667 0.333333333333 0.216621181637
0.5 0.333333333333 0.215098401357
0.520833333333 0.333333333333 0.211936931778
0.541666666667 0.333333333333 0.207204885625
0.5625 0.333333333333 0.201027267939
0.583333333333 0.333333333333 0.193575435099
0.604166666667 0.333333333333 0.185052054164
0.625 0.333333333333 0.175674214592
0.645833333333 0.333333333333 0.165657374504
0.666666666667 0.333333333333 0.155202252555
0.6875 0.333333333333 0.144485843868
0.708333333333 0.333333333333 0.133656747569
0.729166666667 0.333333333333 0.122834201627
0.75 0.333333333333 0.112109768964
0.770833333333 0.333333333333 0.101550517722
0.791666666667 0.333333333333 0.0912027024378
0.8125 0.333333333333 0.0810952550311
0.833333333333 0.333333333333 0.0712427181963
0.854166666667 0.333333333333 0.0616475211625
0.875 0.333333333333 0.052301676107
0.895833333333 0.333333333333 0.0431880643187
0.916666666667 0.333333333333 0.0342815043653
0.9375 0.333333333333 0.0255497739939
0.958333333333 0.333333333333 0.0169547133794
0.979166666667 0.333333333333 0.00845348359914
1.0 0.333333333333 0.0
0.0 0.354166666667 0.0
0.0208333333333 0.354166666667 0.013192063607
0.0416666666667 0.354166666667 0.026346802332
0.0625 0.354166666667 0.0394274792857
0.0833333333333 0.354166666667 0.0523984999454
0.104166666667 0.354166666667 0.0652259138658
0.125 0.354166666667 0.0778778119623
0.145833333333 0.354166666667 0.0903245496633
0.166666666667 0.354166666667 0.102538692286
0.1875 0.354166666667 0.114494536924
0.208333333333 0.354166666667 0.126167023112
0.229166666667 0.354166666667 0.137529820197
0.25 0.354166666667 0.148552400719
0.270833333333 0.354166666667 0.159196011618
0.291666666667 0.354166666667 0.169408669485
0.3125 0.354166666667 0.179119640276
0.333333333333 0.354166666667 0.188234280077
0.354166666667 0.354166666667 0.196630513818
0.375 0.354166666667 0.204158461417
0.395833333333 0.354166666667 0.210644617839
0.416666666667 0.354166666667 0.215901437186
0.4375 0.354166666667 0.219742167683
0.458333333333 0.354166666667 0.22199951141
0.479166666667 0.354166666667 0.222545471657
0.5 0.354166666667 0.221308996799
0.520833333333 0.354166666667 0.218288047937
0.541666666667 0.354166666667 0.2135536058
0.5625 0.354166666667 0.207244704637
0.583333333333 0.354166666667 0.199555412042
0.604166666667 0.354166666667 0.190716245984
0.625 0.354166666667 0.180973408811
0.645833333333 0.354166666667 0.170569236563
0.666666666667 0.354166666667 0.159726508241
0.6875 0.354166666667 0.148638049064
0.708333333333 0.354166666667 0.137461789269
0.729166666667 0.354166666667 0.126320437681
0.75 0.354166666667 0.115304374306
0.770833333333 0.354166666667 0.104476265268
0.791666666667 0.354166666667 0.0938761387169
0.8125 0.354166666667 0.0835260638952
0.833333333333 0.354166666667 0.073433995235
0.854166666667 0.354166666667 0.0635966807253
0.875 0.354166666667 0.0540017502418
0.895833333333 0.354166666667 0.044629201732
0.916666666667 0.354166666667 0.0354525208538
0.9375 0.354166666667 0.0264396370274
0.958333333333 0.354166666667 0.0175538636076
0.979166666667 0.354166666667 0.0087549100996
1.0 0.354166666667 0.0
0.0 0.375 0.0
0.0208333333333 0.375 0.0130523333046
0.0416666666667 0.375 0.0260729842493
0.0625 0.375 0.0390309266985
0.0833333333333 0.375 0.0518964134327
0.104166666667 0.375 0.0646415515148
0.125 0.375 0.0772407742835
0.145833333333 0.375 0.0896711314051
0.166666666667 0.375 0.101912274294
0.1875 0.375 0.113945958105
0.208333333333 0.375 0.125754822936
0.229166666667 0.375 0.137320177467
0.25 0.375 0.148618523782
0.270833333333 0.375 0.159616678054
0.291666666667 0.375 0.170265599878
0.3125 0.375 0.180493456541
0.333333333333 0.375 0.190198973869
0.354166666667 0.375 0.199246641806
0.375 0.375 0.207465659677
0.395833333333 0.375 0.214654408655
0.416666666667 0.375 0.22059157298
0.4375 0.375 0.225053797803
0.458333333333 0.375 0.227838186929
0.479166666667 0.375 0.228786422718
0.5 0.375 0.227806330824
0.520833333333 0.375 0.224886714629
0.541666666667 0.375 0.220102375601
0.5625 0.375 0.213608185444
0.583333333333 0.375 0.205623351109
0.604166666667 0.375 0.19640896353
0.625 0.375 0.186243012638
0.645833333333 0.375 0.175397053716
0.666666666667 0.375 0.164117750969
0.6875 0.375 0.152615003574
0.708333333333 0.375 0.141056775412
0.729166666667 0.375 0.12956951678
0.75 0.375 0.118242401559
0.770833333333 0.375 0.107133507341
0.791666666667 0.375 0.0962763847649
0.8125 0.375 0.0856859808546
0.833333333333 0.375 0.0753634084824
0.854166666667 0.375 0.0652994689914
0.875 0.375 0.0554770932761
0.895833333333 0.375 0.0458729808907
0.916666666667 0.375 0.0364587279311
0.9375 0.375 0.0272016876247
0.958333333333 0.375 0.018065738421
0.979166666667 0.375 0.00901206511538
1.0 0.375 0.0
0.0 0.395833333333 0.0
0.0208333333333 0.395833333333 0.0129443750946
0.0416666666667 0.395833333333 0.0258620384571
0.0625 0.395833333333 0.0387270115516
0.0833333333333 0.395833333333 0.0515147494589
0.104166666667 0.395833333333 0.0642028012706
0.125 0.395833333333 0.0767713708374
0.145833333333 0.395833333333 0.0892036911539
0.166666666667 0.395833333333 0.101486070925
0.1875 0.395833333333 0.113607400857
0.208333333333 0.395833333333 0.125557830738
0.229166666667 0.395833333333 0.13732627223
0.25 0.395833333333 0.148896389996
0.270833333333 0.395833333333 0.160240872165
0.291666666667 0.395833333333 0.171314073106
0.3125 0.395833333333 0.182043617095
0.333333333333 0.395833333333 0.1923221912
0.354166666667 0.395833333333 0.202001395776
0.375 0.395833333333 0.21088992914
0.395833333333 0.395833333333 0.218758295603
0.416666666667 0.395833333333 0.225351449181
0.4375 0.395833333333 0.230409313123
0.458333333333 0.395833333333 0.233693205197
0.479166666667 0.395833333333 0.235014351793
0.5 0.395833333333 0.234259496559
0.520833333333 0.395833333333 0.23140859195
0.541666666667 0.395833333333 0.226540864003
0.5625 0.395833333333 0.219827884355
0.583333333333 0.395833333333 0.211515022698
0.604166666667 0.395833333333 0.20189499673
0.625 0.395833333333 0.191278539001
0.645833333333 0.395833333333 0.179967183033
0.666666666667 0.395833333333 0.16823199425
0.6875 0.395833333333 0.156300224702
0.708333333333 0.395833333333 0.144349960893
0.729166666667 0.395833333333 0.132511362402
0.75 0.395833333333 0.12087231299
0.770833333333 0.395833333333 0.109486219467
0.791666666667 0.395833333333 0.0983801030207
0.8125 0.395833333333 0.0875617688793
0.833333333333 0.395833333333 0.077025480839
0.854166666667 0.395833333333 0.0667560629409
0.875 0.395833333333 0.0567316517408
0.895833333333 0.395833333333 0.046925448503
0.916666666667 0.395833333333 0.0373068240418
0.9375 0.395833333333 0.0278420663136
0.958333333333 0.395833333333 0.0184949759267
0.979166666667 0.395833333333 0.00922743379748
1.0 0.395833333333 0.0
0.0 0.416666666667 0.0
0.0208333333333 0.416666666667 0.0128632256596
0.0416666666667 0.416666666667 0.0257039587777
0.0625 0.416666666667 0.0385005183885
0.0833333333333 0.416666666667 0.0512328151311
0.104166666667 0.416666666667 0.0638830996832
0.125 0.416666666667 0.0764366171786
0.145833333333 0.416666666667 0.0888820738107
0.166666666667 0.416666666667 0.101211756754
0.1875 0.416666666667 0.11342106283
0.208333333333 0.416666666667 0.125507096949
0.229166666667 0.416666666667 0.137465928011
0.25 0.416666666667 0.149288088944
0.270833333333 0.416666666667 0.160952046502
0.291666666667 0.416666666667 0.172415710159
0.3125 0.416666666667 0.183606624295
0.333333333333 0.416666666667 0.194412239768
0.354166666667 0.416666666667 0.204672423052
0.375 0.416666666667 0.214176861374
0.395833333333 0.416666666667 0.222669947802
0.416666666667 0.416666666667 0.229864848125
0.4375 0.416666666667 0.235466747908
0.458333333333 0.416666666667 0.239203050055
0.479166666667 0.416666666667 0.24085612658
0.5 0.416666666667 0.240292836034
0.520833333333 0.416666666667 0.237484979548
0.541666666667 0.416666666667 0.232516374759
0.5625 0.416666666667 0.225574955213
0.583333333333 0.416666666667 0.216931495119
0.604166666667 0.416666666667 0.20690928784
0.625 0.416666666667 0.195850613179
0.645833333333 0.416666666667 0.184085790421
0.666666666667 0.416666666667 0.17190922226
0.6875 0.416666666667 0.15956466844
0.708333333333 0.416666666667 0.147239760332
0.729166666667 0.416666666667 0.135068064564
0.75 0.416666666667 0.123136122329
0.770833333333 0.416666666667 0.111492817118
0.791666666667 0.416666666667 0.100158924484
0.8125 0.416666666667 0.0891354600938
0.833333333333 0.416666666667 0.0784101942321
0.854166666667 0.416666666667 0.0679622753079
0.875 0.416666666667 0.0577652470607
0.895833333333 0.416666666667 0.0477888803983
0.916666666667 0.416666666667 0.0380002356278
0.9375 0.416666666667 0.0283642918907
0.958333333333 0.416666666667 0.0188443793413
0.979166666667 0.416666666667 0.00940255620875
1.0 0.416666666667 0.0
0.0 0.4375 0.0
0.0208333333333 0.4375 0.0128046732643
0.0416666666667 0.4375 0.0255902408302
0.0625 0.4375 0.0383384804762
0.0833333333333 0.4375 0.0510329068089
0.104166666667 0.4375 0.0636596014601
0.125 0.4375 0.0762079556574
0.145833333333 0.4375 0.0886712256381
0.166666666667 0.4375 0.101046727062
0.1875 0.4375 0.113335395609
0.208333333333 0.4375 0.12554033019
0.229166666667 0.4375 0.137663845868
0.25 0.4375 0.149702553949
0.270833333333 0.4375 0.16164013419
0.291666666667 0.4375 0.173437844182
0.3125 0.4375 0.185023456523
0.333333333333 0.4375 0.196280166817
0.354166666667 0.4375 0.207037888278
0.375 0.4375 0.217069933199
0.395833333333 0.4375 0.226098020993
0.416666666667 0.4375 0.233807578025
0.4375 0.4375 0.239873384822
0.458333333333 0.4375 0.243993113195
0.479166666667 0.4375 0.245923841516
0.5 0.4375 0.245515049765
0.520833333333 0.4375 0.242731537129
0.541666666667 0.4375 0.237661393653
0.5625 0.4375 0.230507230438
0.583333333333 0.4375 0.221562471608
0.604166666667 0.4375 0.211177584426
0.625 0.4375 0.199722813018
0.645833333333 0.4375 0.187553922643
0.666666666667 0.4375 0.174985875245
0.6875 0.4375 0.162276903023
0.708333333333 0.4375 0.149622933987
0.729166666667 0.4375 0.137160414168
0.75 0.4375 0.124974597002
0.770833333333 0.4375 0.113110310129
0.791666666667 0.4375 0.101582794651
0.8125 0.4375 0.0903870845594
0.833333333333 0.4375 0.079505246131
0.854166666667 0.4375 0.0689114415729
0.875 0.4375 0.0585751594402
0.895833333333 0.4375 0.0484630990455
0.916666666667 0.4375 0.0385401824861
0.9375 0.4375 0.0287700736913
0.958333333333 0.4375 0.0191154673869
0.979166666667 0.4375 0.00953830573508
1.0 0.4375 0.0
0.0 0.458333333333 0.0
0.0208333333333 0.458333333333 0.0127653378618
0.0416666666667 0.458333333333 0.0255140503327
0.0625 0.458333333333 0.0382304533556
0.0833333333333 0.458333333333 0.0509007167197
0.104166666667 0.458333333333 0.0635137606316
0.125 0.458333333333 0.0760620705034
0.145833333333 0.458333333333 0.0885423262244
0.166666666667 0.458333333333 0.100955660547
0.1875 0.458333333333 0.113307251653
0.208333333333 0.458333333333 0.125604831023
0.229166666667 0.458333333333 0.137855585432
0.25 0.458333333333 0.150060914821
0.270833333333 0.458333333333 0.162208661603
0.291666666667 0.458333333333 0.174262835438
0.3125 0.458333333333 0.186151558893
0.333333333333 0.458333333333 0.197754891939
0.354166666667 0.458333333333 0.208895154422
0.375 0.458333333333 0.219333018258
0.395833333333 0.458333333333 0.228772592857
0.416666666667 0.458333333333 0.236877680548
0.4375 0.458333333333 0.243299305929
0.458333333333 0.458333333333 0.247711883505
0.479166666667 0.458333333333 0.24985270426
0.5 0.458333333333 0.249557679935
0.520833333333 0.458333333333 0.246786207738
0.541666666667 0.458333333333 0.24162985165
0.5625 0.458333333333 0.234302883284
0.583333333333 0.458333333333 0.225116647277
0.604166666667 0.458333333333 0.214443063163
0.625 0.458333333333 0.202674409341
0.645833333333 0.458333333333 0.190186459054
0.666666666667 0.458333333333 0.177310296709
0.6875 0.458333333333 0.164315459433
0.708333333333 0.458333333333 0.15140430946
0.729166666667 0.458333333333 0.138715470279
0.75 0.458333333333 0.126333113004
0.770833333333 0.458333333333 0.114298831211
0.791666666667 0.458333333333 0.10262349517
0.8125 0.458333333333 0.0912974372098
0.833333333333 0.458333333333 0.0802982517923
0.854166666667 0.458333333333 0.069596193906
0.875 0.458333333333 0.0591575658581
0.895833333333 0.458333333333 0.0489466334617
0.916666666667 0.458333333333 0.0389265918826
0.9375 0.458333333333 0.029059994667
0.958333333333 0.458333333333 0.0193089305538
0.979166666667 0.458333333333 0.00963511791189
1.0 0.458333333333 0.0
0.0 0.479166666667 0.0
0.0208333333333 0.479166666667 0.0127427445683
0.0416666666667 0.479166666667 0.0254703778305
0.0625 0.479166666667 0.0381687673288
0.0833333333333 0.479166666667 0.0508257103914
0.104166666667 0.479166666667 0.0634318739863
0.125 0.479166666667 0.075981656875
0.145833333333 0.479166666667 0.0884738677758
0.166666666667 0.479166666667 0.100912026896
0.1875 0.479166666667 0.113303981785
0.208333333333 0.479166666667 0.125660395969
0.229166666667 0.479166666667 0.13799155798
0.25 0.479166666667 0.150301936411
0.270833333333 0.479166666667 0.16258206421
0.291666666667 0.479166666667 0.174797761958
0.3125 0.479166666667 0.186877447137
0.333333333333 0.479166666667 0.198699260583
0.354166666667 0.479166666667 0.210080759715
0.375 0.479166666667 0.220774625183
0.395833333333 0.479166666667 0.230473787728
0.416666666667 0.479166666667 0.238828289293
0.4375 0.479166666667 0.245474014658
0.458333333333 0.479166666667 0.250070544295
0.479166666667 0.479166666667 0.25234254739
0.5 0.479166666667 0.252117291528
0.520833333333 0.479166666667 0.249350758221
0.541666666667 0.479166666667 0.244136779834
0.5625 0.479166666667 0.236697136817
0.583333333333 0.479166666667 0.227354684486
0.604166666667 0.479166666667 0.216495102055
0.625 0.479166666667 0.2045247832
0.645833333333 0.479166666667 0.191832300323
0.666666666667 0.479166666667 0.178759032537
0.6875 0.479166666667 0.165581715833
0.708333333333 0.479166666667 0.152506788604
0.729166666667 0.479166666667 0.139674228069
0.75 0.479166666667 0.127167480538
0.770833333333 0.479166666667 0.115026048673
0.791666666667 0.479166666667 0.103257995674
0.8125 0.479166666667 0.0918506443257
0.833333333333 0.479166666667 0.0807787320604
0.854166666667 0.479166666667 0.070010018959
0.875 0.479166666667 0.0595087700524
0.895833333333 0.479166666667 0.0492376880066
0.916666666667 0.479166666667 0.0391588467418
0.9375 0.479166666667 0.0292340615666
0.958333333333 0.479166666667 0.0194249943705
0.979166666667 0.479166666667 0.00969317135139
1.0 0.479166666667 0.0
0.0 0.5 0.0
0.0208333333333 0.5 0.0127353827913
0.0416666666667 0.5 0.025456163439
0.0625 0.5 0.0381487316447
0.0833333333333 0.5 0.0508014332079
0.104166666667 0.5 0.0634055249166
0.125 0.5 0.0759560532008
0.145833333333 0.5 0.0884525494019
0.166666666667 0.5 0.100899346535
0.1875 0.5 0.113305203643
0.208333333333 0.5 0.125681788376
0.229166666667 0.5 0.13804045463
0.25 0.5 0.150386728347
0.270833333333 0.5 0.1627120734
0.291666666667 0.5 0.174982942301
0.3125 0.5 0.187127866018
0.333333333333 0.5 0.199024339264
0.354166666667 0.5 0.210488295889
0.375 0.5 0.221269681369
0.395833333333 0.5 0.231057592623
0.416666666667 0.5 0.239497346761
0.4375 0.5 0.246219626397
0.458333333333 0.5 0.250878913101
0.479166666667 0.5 0.253195537664
0.5 0.5 0.25299379859
0.520833333333 0.5 0.250228508954
0.541666666667 0.5 0.244994290296
0.5625 0.5 0.237515516528
0.583333333333 0.5 0.228119013202
0.604166666667 0.5 0.217195201841
0.625 0.5 0.205155337691
0.645833333333 0.5 0.192392398113
0.666666666667 0.5 0.179251301802
0.6875 0.5 0.166011256335
0.708333333333 0.5 0.152880095735
0.729166666667 0.5 0.139998256001
0.75 0.5 0.127448928062
0.770833333333 0.5 0.115270890845
0.791666666667 0.5 0.103471239283
0.8125 0.5 0.0920362598286
0.833333333333 0.5 0.080939707072
0.854166666667 0.5 0.0701484831222
0.875 0.5 0.0596261520258
0.895833333333 0.5 0.0493348774948
0.916666666667 0.5 0.0392363449902
0.9375 0.5 0.0292921113701
0.958333333333 0.5 0.0194636854492
0.979166666667 0.5 0.00971251955796
1.0 0.5 0.0
0.0 0.520833333333 0.0
0.0208333333333 0.520833333333 0.0127427445726
0.0416666666667 0.520833333333 0.0254703778391
0.0625 0.520833333333 0.0381687673534
0.0833333333333 0.520833333333 0.0508257104569
0.104166666667 0.520833333333 0.0634318741435
0.125 0.520833333333 0.0759816572221
0.145833333333 0.520833333333 0.088473868491
0.166666666667 0.520833333333 0.100912028284
0.1875 0.520833333333 0.113303984339
0.208333333333 0.520833333333 0.125660400427
0.229166666667 0.520833333333 0.137991565375
0.25 0.520833333333 0.150301948076
0.270833333333 0.520833333333 0.162582081696
0.291666666667 0.520833333333 0.174797786847
0.3125 0.520833333333 0.186877480729
0.333333333333 0.520833333333 0.198699303476
0.354166666667 0.520833333333 0.210080811368
0.375 0.520833333333 0.220774683567
0.395833333333 0.520833333333 0.230473849208
0.416666666667 0.520833333333 0.23882834885
0.4375 0.520833333333 0.245474066493
0.458333333333 0.520833333333 0.250070582726
0.479166666667 0.520833333333 0.252342567871
0.5 0.520833333333 0.252117291528
0.520833333333 0.520833333333 0.24935073774
0.541666666667 0.520833333333 0.244136741402
0.5625 0.520833333333 0.236697084982
0.583333333333 0.520833333333 0.227354624929
0.604166666667 0.520833333333 0.216495040576
0.625 0.520833333333 0.204524724816
0.645833333333 0.520833333333 0.19183224867
0.666666666667 0.520833333333 0.178758989644
0.6875 0.520833333333 0.165581682241
0.708333333333 0.520833333333 0.152506763714
0.729166666667 0.520833333333 0.139674210582
0.75 0.520833333333 0.127167468874
0.770833333333 0.520833333333 0.115026041278
0.791666666667 0.520833333333 0.103257991216
0.8125 0.520833333333 0.091850641772
0.833333333333 0.520833333333 0.0807787306716
0.854166666667 0.520833333333 0.0700100182438
0.875 0.520833333333 0.0595087697054
0.895833333333 0.520833333333 0.0492376878494
0.916666666667 0.520833333333 0.0391588466763
0.9375 0.520833333333 0.029234061542
0.958333333333 0.520833333333 0.0194249943618
0.979166666667 0.520833333333 0.00969317134705
1.0 0.520833333333 0.0
0.0 0.541666666667 0.0
0.0208333333333 0.541666666667 0.0127653378699
0.0416666666667 0.541666666667 0.0255140503489
0.0625 0.541666666667 0.0382304534018
0.0833333333333 0.541666666667 0.0509007168427
0.104166666667 0.541666666667 0.063513760927
0.125 0.541666666667 0.0760620711553
0.145833333333 0.541666666667 0.0885423275679
0.166666666667 0.541666666667 0.100955663156
0.1875 0.541666666667 0.113307256448
0.208333333333 0.541666666667 0.125604839393
0.229166666667 0.541666666667 0.137855599316
0.25 0.541666666667 0.150060936718
0.270833333333 0.541666666667 0.162208694424
0.291666666667 0.541666666667 0.174262882153
0.3125 0.541666666667 0.186151621937
0.333333333333 0.541666666667 0.197754972437
0.354166666667 0.541666666667 0.208895251356
0.375 0.541666666667 0.219333127821
0.395833333333 0.541666666667 0.228772708226
0.416666666667 0.541666666667 0.236877792307
0.4375 0.541666666667 0.243299403197
0.458333333333 0.541666666667 0.24771195562
0.479166666667 0.541666666667 0.249852742691
0.5 0.541666666667 0.249557679935
0.520833333333 0.541666666667 0.246786169307
0.541666666667 0.541666666667 0.241629779535
0.5625 0.541666666667 0.234302786017
0.583333333333 0.541666666667 0.225116535518
0.604166666667 0.541666666667 0.214442947795
0.625 0.541666666667 0.202674299778
0.645833333333 0.541666666667 0.190186362119
0.666666666667 0.541666666667 0.177310216211
0.6875 0.541666666667 0.164315396389
0.708333333333 0.541666666667 0.151404262744
0.729166666667 0.541666666667 0.138715437458
0.75 0.541666666667 0.126333091107
0.770833333333 0.541666666667 0.114298817327
0.791666666667 0.541666666667 0.1026234868
0.8125 0.541666666667 0.0912974324145
0.833333333333 0.541666666667 0.080298249184
0.854166666667 0.541666666667 0.0695961925625
0.875 0.541666666667 0.0591575652061
0.895833333333 0.541666666667 0.0489466331662
0.916666666667 0.541666666667 0.0389265917595
0.9375 0.541666666667 0.0290599946208
0.958333333333 0.541666666667 0.0193089305376
0.979166666667 0.541666666667 0.00963511790375
1.0 0.541666666667 0.0
0.0 0.5625 0.0
0.0208333333333 0.5625 0.0128046732753
0.0416666666667 0.5625 0.0255902408521
0.0625 0.5625 0.0383384805388
0.0833333333333 0.5625 0.0510329069754
0.104166666667 0.5625 0.0636596018596
0.125 0.5625 0.0762079565387
0.145833333333 0.5625 0.0886712274534
0.166666666667 0.5625 0.101046730585
0.1875 0.5625 0.113335402085
0.208333333333 0.5625 0.125540341489
0.229166666667 0.5625 0.137663864609
0.25 0.5625 0.149702583502
0.270833333333 0.5625 0.161640178481
0.291666666667 0.5625 0.173437907215
0.3125 0.5625 0.185023541581
0.333333333333 0.5625 0.196280275414
0.354166666667 0.5625 0.207038019042
0.375 0.5625 0.21707008099
0.395833333333 0.5625 0.22609817661
0.416666666667 0.5625 0.23380772877
0.4375 0.5625 0.239873516016
0.458333333333 0.5625 0.243993210463
0.479166666667 0.5625 0.245923893351
0.5 0.5625 0.245515049765
0.520833333333 0.5625 0.242731485294
0.541666666667 0.5625 0.237661296386
0.5625 0.5625 0.230507099243
0.583333333333 0.5625 0.221562320863
0.604166666667 0.5625 0.211177428809
0.625 0.5625 0.199722665227
0.645833333333 0.5625 0.187553791879
0.666666666667 0.5625 0.174985766648
0.6875 0.5625 0.162276817965
0.708333333333 0.5625 0.149622870954
0.729166666667 0.5625 0.137160369877
0.75 0.5625 0.124974567449
0.770833333333 0.5625 0.113110291388
0.791666666667 0.5625 0.101582783351
0.8125 0.5625 0.0903870780836
0.833333333333 0.5625 0.0795052426077
0.854166666667 0.5625 0.0689114397576
0.875 0.5625 0.0585751585589
0.895833333333 0.5625 0.048463098646
0.916666666667 0.5625 0.0385401823196
0.9375 0.5625 0.0287700736287
0.958333333333 0.5625 0.0191154673649
0.979166666667 0.5625 0.00953830572409
1.0 0.5625 0.0
0.0 0.583333333333 0.0
0.0208333333333 0.583333333333 0.0128632256723
0.0416666666667 0.583333333333 0.0257039588031
0.0625 0.583333333333 0.0385005184608
0.0833333333333 0.583333333333 0.0512328153233
0.104166666667 0.583333333333 0.0638831001441
0.125 0.583333333333 0.0764366181947
0.145833333333 0.583333333333 0.0888820759024
0.166666666667 0.583333333333 0.101211760811
0.1875 0.583333333333 0.113421070284
0.208333333333 0.583333333333 0.125507109951
0.229166666667 0.583333333333 0.13746594957
0.25 0.583333333333 0.149288122931
0.270833333333 0.583333333333 0.160952097429
0.291666666667 0.583333333333 0.172415782623
0.3125 0.583333333333 0.183606722067
0.333333333333 0.583333333333 0.194412364584
0.354166666667 0.583333333333 0.204672573331
0.375 0.583333333333 0.214177031211
0.395833333333 0.583333333333 0.222670126623
0.416666666667 0.583333333333 0.229865021339
0.4375 0.583333333333 0.235466898653
0.458333333333 0.583333333333 0.239203161815
0.479166666667 0.583333333333 0.240856186137
0.5 0.583333333333 0.240292836034
0.520833333333 0.583333333333 0.237484919991
0.541666666667 0.583333333333 0.232516263
0.5625 0.583333333333 0.225574804469
0.583333333333 0.583333333333 0.216931321906
0.604166666667 0.583333333333 0.20690910902
0.625 0.583333333333 0.195850443342
0.645833333333 0.583333333333 0.184085640142
0.666666666667 0.583333333333 0.171909097444
0.6875 0.583333333333 0.159564570668
0.708333333333 0.583333333333 0.147239687868
0.729166666667 0.583333333333 0.135068013637
0.75 0.583333333333 0.123136088342
0.770833333333 0.583333333333 0.111492795559
0.791666666667 0.583333333333 0.100158911481
0.8125 0.583333333333 0.0891354526396
0.833333333333 0.583333333333 0.0784101901745
0.854166666667 0.583333333333 0.0679622732162
0.875 0.583333333333 0.0577652460446
0.895833333333 0.583333333333 0.0477888799374
0.916666666667 0.583333333333 0.0380002354356
0.9375 0.583333333333 0.0283642918185
0.958333333333 0.583333333333 0.0188443793159
0.979166666667 0.583333333333 0.00940255619607
1.0 0.583333333333 0.0
0.0 0.604166666667 0.0
0.0208333333333 0.604166666667 0.0129443751078
0.0416666666667 0.604166666667 0.0258620384837
0.0625 0.604166666667 0.038727011627
0.0833333333333 0.604166666667 0.0515147496589
0.104166666667 0.604166666667 0.0642028017493
0.125 0.604166666667 0.0767713718916
0.145833333333 0.604166666667 0.0892036933218
0.166666666667 0.604166666667 0.101486075127
0.1875 0.604166666667 0.113607408571
0.208333333333 0.604166666667 0.125557844188
0.229166666667 0.604166666667 0.13732629452
0.25 0.604166666667 0.148896425125
0.270833333333 0.604166666667 0.160240924787
0.291666666667 0.604166666667 0.171314147967
0.3125 0.604166666667 0.182043718082
0.333333333333 0.604166666667 0.192322320102
0.354166666667 0.604166666667 0.202001550956
0.375 0.604166666667 0.210890104499
0.395833333333 0.604166666667 0.218758480223
0.416666666667 0.604166666667 0.225351628001
0.4375 0.604166666667 0.23040946874
0.458333333333 0.604166666667 0.233693320566
0.479166666667 0.604166666667 0.235014413272
0.5 0.604166666667 0.234259496559
0.520833333333 0.604166666667 0.231408530471
0.541666666667 0.604166666667 0.226540748634
0.5625 0.604166666667 0.219827728738
0.583333333333 0.604166666667 0.211514843877
0.604166666667 0.604166666667 0.201894812111
0.625 0.604166666667 0.191278363643
0.645833333333 0.604166666667 0.179967027853
0.666666666667 0.604166666667 0.168231865349
0.6875 0.604166666667 0.156300123714
0.708333333333 0.604166666667 0.144349886032
0.729166666667 0.604166666667 0.132511309779
0.75 0.604166666667 0.120872277862
0.770833333333 0.604166666667 0.109486197177
0.791666666667 0.604166666667 0.0983800895712
0.8125 0.604166666667 0.0875617611646
0.833333333333 0.604166666667 0.0770254766369
0.854166666667 0.604166666667 0.066756060773
0.875 0.604166666667 0.0567316506867
0.895833333333 0.604166666667 0.0469254480243
0.916666666667 0.604166666667 0.0373068238419
0.9375 0.604166666667 0.0278420662383
0.958333333333 0.604166666667 0.0184949759001
0.979166666667 0.604166666667 0.00922743378426
1.0 0.604166666667 0.0
0.0 0.625 0.0
0.0208333333333 0.625 0.0130523333174
0.0416666666667 0.625 0.0260729842751
0.0625 0.625 0.0390309267713
0.0833333333333 0.625 0.0518964136249
0.104166666667 0.625 0.0646415519737
0.125 0.625 0.0772407752919
0.145833333333 0.625 0.0896711334755
0.166666666667 0.625 0.101912278302
0.1875 0.625 0.113945965457
0.208333333333 0.625 0.125754835743
0.229166666667 0.625 0.13732019868
0.25 0.625 0.148618557198
0.270833333333 0.625 0.159616728093
0.291666666667 0.625 0.170265671042
0.3125 0.625 0.180493552517
0.333333333333 0.625 0.19019909635
0.354166666667 0.625 0.199246789234
0.375 0.625 0.207465826255
0.395833333333 0.625 0.214654584013
0.416666666667 0.625 0.220591742817
0.4375 0.625 0.225053945594
0.458333333333 0.625 0.227838296491
0.479166666667 0.625 0.228786481102
0.5 0.625 0.227806330824
0.520833333333 0.625 0.224886656246
0.541666666667 0.625 0.220102266038
0.5625 0.625 0.213608037653
0.583333333333 0.625 0.205623181273
0.604166666667 0.625 0.196408788172
0.625 0.625 0.18624284606
0.645833333333 0.625 0.175396906288
0.666666666667 0.625 0.164117628488
0.6875 0.625 0.152614907598
0.708333333333 0.625 0.141056704248
0.729166666667 0.625 0.129569466741
0.75 0.625 0.118242368142
0.770833333333 0.625 0.107133486127
0.791666666667 0.625 0.0962763719574
0.8125 0.625 0.0856859735027
0.833333333333 0.625 0.0753634044741
0.854166666667 0.625 0.0652994669209
0.875 0.625 0.0554770922677
0.895833333333 0.625 0.0458729804317
0.916666666667 0.625 0.0364587277389
0.9375 0.625 0.0272016875519
0.958333333333 0.625 0.0180657383952
0.979166666667 0.625 0.00901206510259
1.0 0.625 0.0
0.0 0.645833333333 0.0
0.0208333333333 0.645833333333 0.0131920636187
0.0416666666667 0.645833333333 0.0263468023558
0.0625 0.645833333333 0.0394274793519
0.0833333333333 0.645833333333 0.0523985001187
0.104166666667 0.645833333333 0.0652259142775
0.125 0.645833333333 0.0778778128637
0.145833333333 0.645833333333 0.0903245515094
0.166666666667 0.645833333333 0.102538695854
0.1875 0.645833333333 0.114494543458
0.208333333333 0.645833333333 0.126167034484
0.229166666667 0.645833333333 0.137529839018
0.25 0.645833333333 0.148552430348
0.270833333333 0.645833333333 0.159196055962
0.291666666667 0.645833333333 0.169408732526
0.3125 0.645833333333 0.179119725271
0.333333333333 0.645833333333 0.188234388517
0.354166666667 0.645833333333 0.196630644319
0.375 0.645833333333 0.204158608845
0.395833333333 0.645833333333 0.210644773019
0.416666666667 0.645833333333 0.215901587465
0.4375 0.645833333333 0.219742298446
0.458333333333 0.645833333333 0.221999608344
0.479166666667 0.645833333333 0.22254552331
0.5 0.645833333333 0.221308996799
0.520833333333 0.645833333333 0.218287996284
0.541666666667 0.645833333333 0.213553508866
0.5625 0.645833333333 0.207244573874
0.583333333333 0.645833333333 0.199555261763
0.604166666667 0.645833333333 0.190716090805
0.625 0.645833333333 0.180973261383
0.645833333333 0.645833333333 0.170569106063
0.666666666667 0.645833333333 0.159726399802
0.6875 0.645833333333 0.148637964069
0.708333333333 0.645833333333 0.137461726228
0.729166666667 0.645833333333 0.126320393336
0.75 0.645833333333 0.115304344678
0.770833333333 0.645833333333 0.104476246447
0.791666666667 0.645833333333 0.0938761273449
0.8125 0.645833333333 0.0835260573604
0.833333333333 0.645833333333 0.0734339916673
0.854166666667 0.645833333333 0.0635966788791
0.875 0.645833333333 0.0540017493404
0.895833333333 0.645833333333 0.0446292013204
0.916666666667 0.645833333333 0.0354525206804
0.9375 0.645833333333 0.0264396369611
0.958333333333 0.645833333333 0.0175538635838
0.979166666667 0.645833333333 0.00875491008786
1.0 0.645833333333 0.0
0.0 0.666666666667 0.0
0.0208333333333 0.666666666667 0.0133692021868
0.0416666666667 0.666666666667 0.0266948357563
0.0625 0.666666666667 0.0399338667232
0.0833333333333 0.666666666667 0.0530442973757
0.104166666667 0.666666666667 0.0659856123613
0.125 0.666666666667 0.0787191222469
0.145833333333 0.666666666667 0.0912081440502
0.166666666667 0.666666666667 0.103417933453
0.1875 0.666666666667 0.115315253745
0.208333333333 0.666666666667 0.126867438833
0.229166666667 0.666666666667 0.138040795664
0.25 0.666666666667 0.148798216599
0.270833333333 0.666666666667 0.159095960643
0.291666666667 0.666666666667 0.16887973579
0.3125 0.666666666667 0.178080476382
0.333333333333 0.666666666667 0.186610527502
0.354166666667 0.666666666667 0.194361245873
0.375 0.666666666667 0.201203186969
0.395833333333 0.666666666667 0.206989944334
0.416666666667 0.666666666667 0.211566253644
0.4375 0.666666666667 0.214780181205
0.458333333333 0.666666666667 0.216498225114
0.479166666667 0.666666666667 0.21662122453
0.5 0.666666666667 0.215098401357
0.520833333333 0.666666666667 0.211936888885
0.541666666667 0.666666666667 0.207204805128
0.5625 0.666666666667 0.201027159342
0.583333333333 0.666666666667 0.193575310284
0.604166666667 0.666666666667 0.185051925263
0.625 0.666666666667 0.175674092111
0.645833333333 0.666666666667 0.165657266065
0.666666666667 0.666666666667 0.155202162424
0.6875 0.666666666667 0.144485773201
0.708333333333 0.666666666667 0.133656695134
0.729166666667 0.666666666667 0.122834164724
0.75 0.666666666667 0.112109744292
0.770833333333 0.666666666667 0.101550502036
0.791666666667 0.666666666667 0.0912026929493
0.8125 0.666666666667 0.0810952495708
0.833333333333 0.666666666667 0.0712427152094
0.854166666667 0.666666666667 0.0616475196127
0.875 0.666666666667 0.0523016753475
0.895833333333 0.666666666667 0.0431880639699
0.916666666667 0.666666666667 0.034281504217
0.9375 0.666666666667 0.0255497739363
0.958333333333 0.666666666667 0.0169547133582
0.979166666667 0.666666666667 0.00845348358877
1.0 0.666666666667 0.0
0.0 0.6875 0.0
0.0208333333333 0.6875 0.0135899881329
0.0416666666667 0.6875 0.0271296182998
0.0625 0.6875 0.0405690331083
0.0833333333333 0.6875 0.0538593447377
0.104166666667 0.6875 0.0669530478777
0.125 0.6875 0.0798043348309
0.145833333333 0.6875 0.0923692613711
0.166666666667 0.6875 0.104605694974
0.1875 0.6875 0.11647295771
0.208333333333 0.6875 0.127931059917
0.229166666667 0.6875 0.138939418189
0.25 0.6875 0.149454977946
0.270833333333 0.6875 0.159429735156
0.291666666667 0.6875 0.168807788171
0.3125 0.6875 0.17752224907
0.333333333333 0.6875 0.18549257833
0.354166666667 0.6875 0.192623118136
0.375 0.6875 0.198803701505
0.395833333333 0.6875 0.203913114788
0.416666666667 0.6875 0.207825830195
0.4375 0.6875 0.210421815469
0.458333333333 0.6875 0.21159847838
0.479166666667 0.6875 0.211283107947
0.5 0.6875 0.209443757027
0.520833333333 0.6875 0.206096548181
0.541666666667 0.6875 0.201307926998
0.5625 0.6875 0.195191323573
0.583333333333 0.6875 0.187898768135
0.604166666667 0.6875 0.179608943168
0.625 0.6875 0.170513696229
0.645833333333 0.6875 0.160805074516
0.666666666667 0.6875 0.150664524719
0.6875 0.6875 0.140255205697
0.708333333333 0.6875 0.129717612488
0.729166666667 0.6875 0.119168101477
0.75 0.6875 0.108699547418
0.770833333333 0.6875 0.0983832664212
0.791666666667 0.6875 0.0882714453773
0.8125 0.6875 0.0783995361669
0.833333333333 0.6875 0.0687883155634
0.854166666667 0.6875 0.0594455196493
0.875 0.6875 0.0503671074372
0.895833333333 0.6875 0.0415382899723
0.916666666667 0.6875 0.0329344897162
0.9375 0.6875 0.024522385094
0.958333333333 0.6875 0.0162611593184
0.979166666667 0.6875 0.00810402050931
1.0 0.6875 0.0
0.0 0.708333333333 0.0
0.0208333333333 0.708333333333 0.0138612085416
0.0416666666667 0.708333333333 0.027664760134
0.0625 0.708333333333 0.0413534864292
0.0833333333333 0.708333333333 0.054871166732
0.104166666667 0.708333333333 0.0681629326248
0.125 0.708333333333 0.0811755816773
0.145833333333 0.708333333333 0.0938577574415
0.166666666667 0.708333333333 0.106159942263
0.1875 0.708333333333 0.118034198215
0.208333333333 0.708333333333 0.129433583979
0.229166666667 0.708333333333 0.140311179389
0.25 0.708333333333 0.150618675649
0.270833333333 0.708333333333 0.160304550168
0.291666666667 0.708333333333 0.169311949381
0.3125 0.708333333333 0.177576548771
0.333333333333 0.708333333333 0.185024825736
0.354166666667 0.708333333333 0.191573324219
0.375 0.708333333333 0.197129547836
0.395833333333 0.708333333333 0.201595026515
0.416666666667 0.708333333333 0.204870820679
0.4375 0.708333333333 0.206865270369
0.458333333333 0.708333333333 0.207503246071
0.479166666667 0.708333333333 0.206735654894
0.5 0.708333333333 0.20454766176
0.520833333333 0.708333333333 0.200964125485
0.541666666667 0.708333333333 0.196051157778
0.5625 0.708333333333 0.189913407458
0.583333333333 0.708333333333 0.182687474139
0.604166666667 0.708333333333 0.174532549558
0.625 0.708333333333 0.165619792444
0.645833333333 0.708333333333 0.156121982252
0.666666666667 0.708333333333 0.146204702515
0.6875 0.708333333333 0.136019800771
0.708333333333 0.708333333333 0.12570132124
0.729166666667 0.708333333333 0.11536365008
0.75 0.708333333333 0.105101333559
0.770833333333 0.708333333333 0.094989940627
0.791666666667 0.708333333333 0.0850874043841
0.8125 0.708333333333 0.0754354281998
0.833333333333 0.708333333333 0.0660607199436
0.854166666667 0.708333333333 0.0569759780637
0.875 0.708333333333 0.0481806740165
0.895833333333 0.708333333333 0.039661751858
0.916666666667 0.708333333333 0.0313944016166
0.9375 0.708333333333 0.023343064186
0.958333333333 0.708333333333 0.0154627963894
0.979166666667 0.708333333333 0.00770106953784
1.0 0.708333333333 0.0
0.0 0.729166666667 0.0
0.0208333333333 0.729166666667 0.0141901629666
0.0416666666667 0.729166666667 0.0283148739524
0.0625 0.729166666667 0.04230918085
0.0833333333333 0.729166666667 0.0561091041929
0.104166666667 0.729166666667 0.0696520587373
0.125 0.729166666667 0.0828771924958
0.145833333333 0.729166666667 0.0957256082204
0.166666666667 0.729166666667 0.10814042648
0.1875 0.729166666667 0.120066644222
0.208333333333 0.729166666667 0.13145074128
0.229166666667 0.729166666667 0.142239995067
0.25 0.729166666667 0.152381488071
0.270833333333 0.729166666667 0.161820841448
0.291666666667 0.729166666667 0.170500785876
0.3125 0.729166666667 0.178359784664
0.333333333333 0.729166666667 0.185331037754
0.354166666667 0.729166666667 0.191342287118
0.375 0.729166666667 0.196316870859
0.395833333333 0.729166666667 0.20017639197
0.416666666667 0.729166666667 0.202845153535
0.4375 0.729166666667 0.204256178081
0.458333333333 0.729166666667 0.204358234971
0.479166666667 0.729166666667 0.203122946584
0.5 0.729166666667 0.200550844402
0.520833333333 0.729166666667 0.196675285905
0.541666666667 0.729166666667 0.191563443895
0.5625 0.729166666667 0.185314082386
0.583333333333 0.729166666667 0.17805241152
0.604166666667 0.729166666667 0.169922816101
0.625 0.729166666667 0.161080552321
0.645833333333 0.729166666667 0.151683545988
0.666666666667 0.729166666667 0.141885224771
0.6875 0.729166666667 0.131828962509
0.708333333333 0.729166666667 0.121644318805
0.729166666667 0.729166666667 0.111444922413
0.75 0.729166666667 0.101327633258
0.770833333333 0.729166666667 0.0913725387914
0.791666666667 0.729166666667 0.0816433723049
0.8125 0.729166666667 0.0721880418062
0.833333333333 0.729166666667 0.0630390861836
0.854166666667 0.729166666667 0.0542139997563
0.875 0.729166666667 0.0457154701632
0.895833333333 0.729166666667 0.0375316516287
0.916666666667 0.729166666667 0.0296366439607
0.9375 0.729166666667 0.0219913642083
0.958333333333 0.729166666667 0.0145449771821
0.979166666667 0.729166666667 0.00723698825301
1.0 0.729166666667 0.0
0.0 0.75 0.0
0.0208333333333 0.75 0.014584650138
0.0416666666667 0.75 0.0290955472653
0.0625 0.75 0.0434594726255
0.0833333333333 0.75 0.0576042514983
0.104166666667 0.75 0.0714592160192
0.125 0.75 0.0849555943943
0.145833333333 0.75 0.0980267982672
0.166666666667 0.75 0.110608577605
0.1875 0.75 0.122639011307
0.208333333333 0.75 0.134058304154
0.229166666667 0.75 0.144808370302
0.25 0.75 0.154832205043
0.270833333333 0.75 0.164073084449
0.291666666667 0.75 0.172473689041
0.3125 0.75 0.179975319228
0.333333333333 0.75 0.186517444624
0.354166666667 0.75 0.192037884455
0.375 0.75 0.196473922833
0.395833333333 0.75 0.199764593035
0.416666666667 0.75 0.201854204773
0.4375 0.75 0.202696949296
0.458333333333 0.75 0.2022621425
0.479166666667 0.75 0.200539425267
0.5 0.75 0.197543109799
0.520833333333 0.75 0.193314897696
0.541666666667 0.75 0.187924413036
0.5625 0.75 0.181467349927
0.583333333333 0.75 0.174061442079
0.604166666667 0.75 0.165840817664
0.625 0.75 0.156949519221
0.645833333333 0.75 0.147535003916
0.666666666667 0.75 0.137742307122
0.6875 0.75 0.127709309222
0.708333333333 0.75 0.117563268557
0.729166666667 0.75 0.107418542279
0.75 0.75 0.0973752554573
0.770833333333 0.75 0.0875186096448
0.791666666667 0.75 0.0779185324588
0.8125 0.75 0.0686294337621
0.833333333333 0.75 0.0596899252029
0.854166666667 0.75 0.0511224584756
0.875 0.75 0.0429329327469
0.895833333333 0.75 0.0351104077166
0.916666666667 0.75 0.0276271296861
0.9375 0.75 0.0204391216952
0.958333333333 0.75 0.0134875856545
0.979166666667 0.75 0.00670129368179
1.0 0.75 0.0
0.0 0.770833333333 0.0
0.0208333333333 0.770833333333 0.0150529780324
0.0416666666667 0.770833333333 0.0300233627073
0.0625 0.770833333333 0.0448291513645
0.0833333333333 0.770833333333 0.0593895008665
0.104166666667 0.770833333333 0.0736252540393
0.125 0.770833333333 0.0874594012215
0.145833333333 0.770833333333 0.100817454264
0.166666666667 0.770833333333 0.113627710253
0.1875 0.770833333333 0.125821383655
0.208333333333 0.770833333333 0.13733259006
0.229166666667 0.770833333333 0.148098174691
0.25 0.770833333333 0.15805739695
0.270833333333 0.770833333333 0.167151511116
0.291666666667 0.770833333333 0.175323323202
0.3125 0.770833333333 0.182516851747
0.333333333333 0.770833333333 0.188677266744
0.354166666667 0.770833333333 0.193751310977
0.375 0.770833333333 0.197688402775
0.395833333333 0.770833333333 0.200442561404
0.416666666667 0.770833333333 0.20197517864
0.4375 0.770833333333 0.202258492264
0.458333333333 0.770833333333 0.201279429958
0.479166666667 0.770833333333 0.19904333217
0.5 0.770833333333 0.195576980599
0.520833333333 0.770833333333 0.190930391867
0.541666666667 0.770833333333 0.18517699087
0.5625 0.770833333333 0.178412026412
0.583333333333 0.770833333333 0.170749374458
0.604166666667 0.770833333333 0.162317121816
0.625 0.770833333333 0.153252476699
0.645833333333 0.770833333333 0.143696583631
0.666666666667 0.770833333333 0.133789735625
0.6875 0.770833333333 0.123667313455
0.708333333333 0.770833333333 0.11345659077
0.729166666667 0.770833333333 0.103274371914
0.75 0.770833333333 0.0932253077384
0.770833333333 0.770833333333 0.0834006742431
0.791666666667 0.770833333333 0.0738773939657
0.8125 0.770833333333 0.0647171163585
0.833333333333 0.770833333333 0.0559652362088
0.854166666667 0.770833333333 0.0476498087547
0.875 0.770833333333 0.0397804127423
0.895833333333 0.770833333333 0.0323471169989
0.916666666667 0.770833333333 0.0253198158625
0.9375 0.770833333333 0.0186482935675
0.958333333333 0.770833333333 0.0122634174485
0.979166666667 0.770833333333 0.00607979258194
1.0 0.770833333333 0.0
0.0 0.791666666667 0.0
0.0208333333333 0.791666666667 0.0156039971694
0.0416666666667 0.791666666667 0.0311159657114
0.0625 0.791666666667 0.0464445446399
0.0833333333333 0.791666666667 0.061499688751
0.104166666667 0.791666666667 0.0761932787716
0.125 0.791666666667 0.0904396744314
0.145833333333 0.791666666667 0.104156192177
0.166666666667 0.791666666667 0.117263490607
0.1875 0.791666666667 0.129685849532
0.208333333333 0.791666666667 0.141351333954
0.229166666667 0.791666666667 0.152191843566
0.25 0.791666666667 0.162143063171
0.270833333333 0.791666666667 0.171144350747
0.291666666667 0.791666666667 0.179138627332
0.3125 0.791666666667 0.186072363637
0.333333333333 0.791666666667 0.191895785647
0.354166666667 0.791666666667 0.196563435547
0.375 0.791666666667 0.200035213063
0.395833333333 0.791666666667 0.202277975808
0.416666666667 0.791666666667 0.203267692047
0.4375 0.791666666667 0.202992023661
0.458333333333 0.791666666667 0.201453092067
0.479166666667 0.791666666667 0.19867007649
0.5 0.791666666667 0.194681244901
0.520833333333 0.791666666667 0.189545046154
0.541666666667 0.791666666667 0.183340001077
0.5625 0.791666666667 0.176163300702
0.583333333333 0.791666666667 0.168128212923
0.604166666667 0.791666666667 0.159360568555
0.625 0.791666666667 0.149994705453
0.645833333333 0.791666666667 0.140169275178
0.666666666667 0.791666666667 0.1300232643
0.6875 0.791666666667 0.119692474679
0.708333333333 0.791666666667 0.109306576536
0.729166666667 0.791666666667 0.0989867258133
0.75 0.791666666667 0.0888436446907
0.770833333333 0.791666666667 0.0789760099855
0.791666666667 0.791666666667 0.069468977106
0.8125 0.791666666667 0.0603926805386
0.833333333333 0.791666666667 0.051800589687
0.854166666667 0.791666666667 0.0437276604772
0.875 0.791666666667 0.0361883143082
0.895833333333 0.791666666667 0.0291744057125
0.916666666667 0.791666666667 0.0226535106138
0.9375 0.791666666667 0.016568055851
0.958333333333 0.791666666667 0.0108359511873
0.979166666667 0.791666666667 0.00535336566491
1.0 0.791666666667 0.0
0.0 0.8125 0.0
0.0208333333333 0.8125 0.016247156095
0.0416666666667 0.8125 0.0323921770695
0.0625 0.8125 0.0483336911652
0.0833333333333 0.8125 0.0639718358382
0.104166666667 0.8125 0.0792089694124
0.125 0.8125 0.0939503320949
0.145833333333 0.8125 0.108104641287
0.166666666667 0.8125 0.121584608232
0.1875 0.8125 0.134307366499
0.208333333333 0.8125 0.14619480821
0.229166666667 0.8125 0.157173832153
0.25 0.8125 0.16717651954
0.270833333333 0.8125 0.176140268607
0.291666666667 0.8125 0.18400793765
0.3125 0.8125 0.190728065028
0.333333333333 0.8125 0.196255249643
0.354166666667 0.8125 0.200550779868
0.375 0.8125 0.203583585637
0.395833333333 0.8125 0.205331551887
0.416666666667 0.8125 0.205783170872
0.4375 0.8125 0.204939432347
0.458333333333 0.8125 0.202815768833
0.479166666667 0.8125 0.199443808068
0.5 0.8125 0.194872657021
0.520833333333 0.8125 0.1891694655
0.541666666667 0.8125 0.182419093837
0.5625 0.8125 0.174722825262
0.583333333333 0.8125 0.166196194114
0.604166666667 0.8125 0.156966116318
0.625 0.8125 0.147167583313
0.645833333333 0.8125 0.136940201498
0.666666666667 0.8125 0.126424827595
0.6875 0.8125 0.115760479827
0.708333333333 0.8125 0.105081615688
0.729166666667 0.8125 0.0945157792563
0.75 0.8125 0.0841815483809
0.770833333333 0.8125 0.0741866614633
0.791666666667 0.8125 0.0646261748938
0.8125 0.8125 0.0555804931472
0.833333333333 0.8125 0.0471131236985
0.854166666667 0.8125 0.0392680450367
0.875 0.8125 0.0320666557194
0.895833333333 0.8125 0.0255044238452
0.916666666667 0.8125 0.0195476077959
0.9375 0.8125 0.0141307683071
0.958333333333 0.8125 0.00915615281504
0.979166666667 0.8125 0.00449619092479
1.0 0.8125 0.0
0.0 0.833333333333 0.0
0.0208333333333 0.833333333333 0.0169925775055
0.0416666666667 0.833333333333 0.0338721469319
0.0625 0.833333333333 0.0505265764507
0.0833333333333 0.833333333333 0.0668454707355
0.104166666667 0.833333333333 0.0827209999259
0.125 0.833333333333 0.0980486827358
0.145833333333 0.833333333333 0.112728110777
0.166666666667 0.833333333333 0.126663603587
0.1875 0.833333333333 0.139764787375
0.208333333333 0.833333333333 0.151947095564
0.229166666667 0.833333333333 0.163132196018
0.25 0.833333333333 0.173248358874
0.270833333333 0.833333333333 0.182230789713
0.291666666667 0.833333333333 0.190021964854
0.3125 0.833333333333 0.196572016666
0.333333333333 0.833333333333 0.201839224075
0.354166666667 0.833333333333 0.205790662676
0.375 0.833333333333 0.208403055893
0.395833333333 0.833333333333 0.209663840663
0.416666666667 0.833333333333 0.209572418439
0.4375 0.833333333333 0.208141509814
0.458333333333 0.833333333333 0.205398478492
0.479166666667 0.833333333333 0.201386450516
0.5 0.833333333333 0.196165040351
0.520833333333 0.833333333333 0.189810514841
0.541666666667 0.833333333333 0.182415279685
0.5625 0.833333333333 0.174086651871
0.583333333333 0.833333333333 0.164944969477
0.604166666667 0.833333333333 0.155121168218
0.625 0.833333333333 0.144754005911
0.645833333333 0.833333333333 0.133987132586
0.666666666667 0.833333333333 0.122966185322
0.6875 0.833333333333 0.111836040964
0.708333333333 0.833333333333 0.100738298662
0.729166666667 0.833333333333 0.0898089998175
0.75 0.833333333333 0.0791765341063
0.770833333333 0.833333333333 0.0689596306625
0.791666666667 0.833333333333 0.0592652928573
0.8125 0.833333333333 0.0501865015845
0.833333333333 0.833333333333 0.0417994864245
0.854166666667 0.833333333333 0.0341603566211
0.875 0.833333333333 0.0273009225975
0.895833333333 0.833333333333 0.0212236794229
0.916666666667 0.833333333333 0.0158962495929
0.9375 0.833333333333 0.0112461687171
0.958333333333 0.833333333333 0.00715769882397
0.979166666667 0.833333333333 0.00347302307097
1.0 0.833333333333 0.0
0.0 0.854166666667 0.0
0.0208333333333 0.854166666667 0.0178511533035
0.0416666666667 0.854166666667 0.0355775465493
0.0625 0.854166666667 0.0530554246906
0.0833333333333 0.854166666667 0.0701630276781
0.104166666667 0.854166666667 0.0867815510371
0.125 0.854166666667 0.102796063592
0.145833333333 0.854166666667 0.118096370601
0.166666666667 0.854166666667 0.132577813009
0.1875 0.854166666667 0.146141996844
0.208333333333 0.854166666667 0.158697451208
0.229166666667 0.854166666667 0.170160218877
0.25 0.854166666667 0.180454390277
0.270833333333 0.854166666667 0.189512599143
0.291666666667 0.854166666667 0.197276505756
0.3125 0.854166666667 0.203697299866
0.333333333333 0.854166666667 0.208736258135
0.354166666667 0.854166666667 0.212365387742
0.375 0.854166666667 0.214568176339
0.395833333333 0.854166666667 0.215340447578
0.416666666667 0.854166666667 0.214691291825
0.4375 0.854166666667 0.212644007067
0.458333333333 0.854166666667 0.209236951896
0.479166666667 0.854166666667 0.204524188914
0.5 0.854166666667 0.198575790735
0.520833333333 0.854166666667 0.191477696671
0.541666666667 0.854166666667 0.183331045977
0.5625 0.854166666667 0.174250967358
0.583333333333 0.854166666667 0.16436486384
0.604166666667 0.854166666667 0.153810285124
0.625 0.854166666667 0.142732515657
0.645833333333 0.854166666667 0.131282019796
0.666666666667 0.854166666667 0.119611874999
0.6875 0.854166666667 0.107875294265
0.708333333333 0.854166666667 0.096223296749
0.729166666667 0.854166666667 0.0848025375732
0.75 0.854166666667 0.0737532588032
0.770833333333 0.854166666667 0.063207274313
0.791666666667 0.854166666667 0.053285849304
0.8125 0.854166666667 0.0440972756921
0.833333333333 0.854166666667 0.0357338737411
0.854166666667 0.854166666667 0.028268072686
0.875 0.854166666667 0.0217471662612
0.895833333333 0.854166666667 0.0161863813321
0.916666666667 0.854166666667 0.0115602055104
0.9375 0.854166666667 0.00779275371962
0.958333333333 0.854166666667 0.00474951864389
0.979166666667 0.854166666667 0.00223480744885
1.0 0.854166666667 0.0
0.0 0.875 0.0
0.0208333333333 0.875 0.0188346569924
0.0416666666667 0.875 0.0375317943749
0.0625 0.875 0.055955041319
0.0833333333333 0.875 0.0739703099563
0.104166666667 0.875 0.091446900936
0.125 0.875 0.108258567355
0.145833333333 0.875 0.124284525717
0.166666666667 0.875 0.139410404874
0.1875 0.875 0.153529126906
0.208333333333 0.875 0.166541717624
0.229166666667 0.875 0.17835804884
0.25 0.875 0.188897519539
0.270833333333 0.875 0.198089688275
0.291666666667 0.875 0.205874873779
0.3125 0.875 0.212204743977
0.333333333333 0.875 0.217042913888
0.354166666667 0.875 0.220365568939
0.375 0.875 0.222162120706
0.395833333333 0.875 0.222435886751
0.416666666667 0.875 0.221204765959
0.4375 0.875 0.218501858314
0.458333333333 0.875 0.214375957682
0.479166666667 0.875 0.208891832951
0.5 0.875 0.202130211486
0.520833333333 0.875 0.194187391958
0.541666666667 0.875 0.185174440706
0.5625 0.875 0.175215963043
0.583333333333 0.875 0.164448481615
0.604166666667 0.875 0.153018490544
0.625 0.875 0.141080279775
0.645833333333 0.875 0.12879363486
0.666666666667 0.875 0.116321512386
0.6875 0.875 0.103827772592
0.708333333333 0.875 0.0914750219625
0.729166666667 0.875 0.0794225832889
0.75 0.875 0.0678245704274
0.770833333333 0.875 0.0568279982458
0.791666666667 0.875 0.0465707992737
0.8125 0.875 0.0371795370137
0.833333333333 0.875 0.0287664870613
0.854166666667 0.875 0.0214255861244
0.875 0.875 0.0152265254221
0.895833333333 0.875 0.0102060472673
0.916666666667 0.875 0.00635551370866
0.9375 0.875 0.00360461211637
0.958333333333 0.875 0.00180358848131
0.979166666667 0.875 0.000711173559334
1.0 0.875 0.0
0.0 0.895833333333 0.0
0.0208333333333 0.895833333333 0.0199558721212
0.0416666666667 0.895833333333 0.0397603138297
0.0625 0.895833333333 0.059263201908
0.0833333333333 0.895833333333 0.0783170128039
0.104166666667 0.895833333333 0.0967780861883
0.125 0.895833333333 0.114507846415
0.145833333333 0.895833333333 0.131373970258
0.166666666667 0.895833333333 0.147251491405
0.1875 0.895833333333 0.162023834806
0.208333333333 0.895833333333 0.175583777126
0.229166666667 0.895833333333 0.187834333071
0.25 0.895833333333 0.19868957106
0.270833333333 0.895833333333 0.208075365278
0.291666666667 0.895833333333 0.215930094
0.3125 0.895833333333 0.222205295501
0.333333333333 0.895833333333 0.226866292061
0.354166666667 0.895833333333 0.229892788719
0.375 0.895833333333 0.231279445911
0.395833333333 0.895833333333 0.231036414155
0.416666666667 0.895833333333 0.229189805251
0.4375 0.895833333333 0.225782060215
0.458333333333 0.895833333333 0.220872162031
0.479166666667 0.895833333333 0.214535634542
0.5 0.895833333333 0.206864270198
0.520833333333 0.895833333333 0.197965540275
0.541666666667 0.895833333333 0.187961661236
0.5625 0.895833333333 0.176988317318
0.583333333333 0.895833333333 0.165193068139
0.604166666667 0.895833333333 0.152733496144
0.625 0.895833333333 0.139775167822
0.645833333333 0.895833333333 0.126489492069
0.666666666667 0.895833333333 0.113051558005
0.6875 0.895833333333 0.0996380240726
0.708333333333 0.895833333333 0.0864251120355
0.729166666667 0.895833333333 0.0735867354426
0.75 0.895833333333 0.0612927620122
0.770833333333 0.895833333333 0.0497073704085
0.791666666667 0.895833333333 0.0389874058781
0.8125 0.895833333333 0.0292805503705
0.833333333333 0.895833333333 0.0207229727578
0.854166666667 0.895833333333 0.0134358669764
0.875 0.895833333333 0.0075198535075
0.895833333333 0.895833333333 0.00304555238738
0.916666666667 0.895833333333 3.78185589385e-05
0.9375 0.895833333333 -0.00154915144186
0.958333333333 0.895833333333 -0.00186612006178
0.979166666667 0.895833333333 -0.00120337784668
1.0 0.895833333333 0.0
0.0 0.916666666667 0.0
0.0208333333333 0.916666666667 0.0212287359214
0.0416666666667 0.916666666667 0.042290820954
0.0625 0.916666666667 0.0630210846079
0.0833333333333 0.916666666667 0.0832573018216
0.104166666667 0.916666666667 0.102841627756
0.125 0.916666666667 0.121621988443
0.145833333333 0.916666666667 0.139453414823
0.166666666667 0.916666666667 0.15619930962
0.1875 0.916666666667 0.171732638796
0.208333333333 0.916666666667 0.185937041988
0.229166666667 0.916666666667 0.198707859142
0.25 0.916666666667 0.209953073408
0.270833333333 0.916666666667 0.219594172824
0.291666666667 0.916666666667 0.227566935082
0.3125 0.916666666667 0.233822140227
0.333333333333 0.916666666667 0.238326214905
0.354166666667 0.916666666667 0.241061808473
0.375 0.916666666667 0.242028295596
0.395833333333 0.916666666667 0.241242192186
0.416666666667 0.916666666667 0.238737462568
0.4375 0.916666666667 0.234565686873
0.458333333333 0.916666666667 0.228796050888
0.479166666667 0.916666666667 0.221515117822
0.5 0.916666666667 0.212826344407
0.520833333333 0.916666666667 0.202849313149
0.541666666667 0.916666666667 0.191718667899
0.5625 0.916666666667 0.17958275955
0.583333333333 0.916666666667 0.166602029716
0.604166666667 0.916666666667 0.15294717973
0.625 0.916666666667 0.138797187416
0.645833333333 0.916666666667 0.124337243013
0.666666666667 0.916666666667 0.109756677847
0.6875 0.916666666667 0.0952469553526
0.708333333333 0.916666666667 0.0809997849935
0.729166666667 0.916666666667 0.0672054066457
0.75 0.916666666667 0.0540510758249
0.770833333333 0.916666666667 0.0417197562899
0.791666666667 0.916666666667 0.0303889884514
0.8125 0.916666666667 0.0202298329312
0.833333333333 0.916666666667 0.0114056531118
0.854166666667 0.916666666667 0.00407022530628
0.875 0.916666666667 -0.00163589832446
0.895833333333 0.916666666667 -0.00559298450034
0.916666666667 0.916666666667 -0.0077180369485
0.9375 0.916666666667 -0.00799681649475
0.958333333333 0.916666666667 -0.00654207136756
0.979166666667 0.916666666667 -0.00367732203987
1.0 0.916666666667 0.0
0.0 0.9375 0.0
0.0208333333333 0.9375 0.0226684977643
0.0416666666667 0.9375 0.0451536411865
0.0625 0.9375 0.0672737449666
0.0833333333333 0.9375 0.0888504453857
0.104166666667 0.9375 0.109710320307
0.125 0.9375 0.129686461523
0.145833333333 0.9375 0.148619985689
0.166666666667 0.9375 0.166361471823
0.1875 0.9375 0.182772315418
0.208333333333 0.9375 0.197725991529
0.229166666667 0.9375 0.211109221527
0.25 0.9375 0.222823040492
0.270833333333 0.9375 0.232783764061
0.291666666667 0.9375 0.240923854711
0.3125 0.9375 0.247192687623
0.333333333333 0.9375 0.251557215087
0.354166666667 0.9375 0.254002525721
0.375 0.9375 0.254532290619
0.395833333333 0.9375 0.253169083169
0.416666666667 0.9375 0.249954553465
0.4375 0.9375 0.244949432985
0.458333333333 0.9375 0.238233341772
0.479166666667 0.9375 0.229904370113
0.5 0.9375 0.220078410571
0.520833333333 0.9375 0.208888224553
0.541666666667 0.9375 0.196482240135
0.5625 0.9375 0.183023093163
0.583333333333 0.9375 0.168685940142
0.604166666667 0.9375 0.153656586948
0.625 0.9375 0.138129490257
0.645833333333 0.9375 0.122305697663
0.666666666667 0.9375 0.106390797419
0.6875 0.9375 0.090592950203
0.708333333333 0.9375 0.0751210743533
0.729166666667 0.9375 0.0601832540575
0.75 0.9375 0.0459854380394
0.770833333333 0.9375 0.0327304942623
0.791666666667 0.9375 0.0206176812708
0.8125 0.9375 0.00984257983729
0.833333333333 0.9375 0.000597474855364
0.854166666667 0.9375 -0.00692797721832
0.875 0.9375 -0.0125463824485
0.895833333333 0.9375 -0.0160742604585
0.916666666667 0.9375 -0.0173404082159
0.9375 0.9375 -0.0162133176983
0.958333333333 0.9375 -0.0126773107027
0.979166666667 0.9375 -0.00700530330718
1.0 0.9375 0.0
0.0 0.958333333333 0.0
0.0208333333333 0.958333333333 0.0242918925805
0.0416666666667 0.958333333333 0.0483820555576
0.0625 0.958333333333 0.0720706335924
0.0833333333333 0.958333333333 0.0951615017651
0.104166666667 0.958333333333 0.117464085967
0.125 0.958333333333 0.138795130766
0.145833333333 0.958333333333 0.158980399288
0.166666666667 0.958333333333 0.177856291304
0.1875 0.958333333333 0.195271367637
0.208333333333 0.958333333333 0.211087771124
0.229166666667 0.958333333333 0.225182536424
0.25 0.958333333333 0.237448782957
0.270833333333 0.958333333333 0.247796786765
0.291666666667 0.958333333333 0.256154928038
0.3125 0.958333333333 0.262470511084
0.333333333333 0.958333333333 0.266710452597
0.354166666667 0.958333333333 0.268861831987
0.375 0.958333333333 0.268932294526
0.395833333333 0.958333333333 0.266950294397
0.416666666667 0.958333333333 0.262965160997
0.4375 0.958333333333 0.257046968894
0.458333333333 0.958333333333 0.249286190545
0.479166666667 0.958333333333 0.23979311214
0.5 0.958333333333 0.228696997351
0.520833333333 0.958333333333 0.216144991547
0.541666666667 0.958333333333 0.202300769805
0.5625 0.958333333333 0.187342944954
0.583333333333 0.958333333333 0.171463265684
0.604166666667 0.958333333333 0.154864648095
0.625 0.958333333333 0.137759095812
0.645833333333 0.958333333333 0.120365573252
0.666666666667 0.958333333333 0.10290790392
0.6875 0.958333333333 0.0856127713197
0.708333333333 0.958333333333 0.0687079058489
0.729166666667 0.958333333333 0.0524205490284
0.75 0.958333333333 0.0369762994925
0.770833333333 0.958333333333 0.0225984672896
0.791666666667 0.958333333333 0.00950809913787
0.8125 0.958333333333 -0.00207510624552
0.833333333333 0.958333333333 -0.0119306904116
0.854166666667 0.958333333333 -0.0198337239645
0.875 0.958333333333 -0.0255489875714
0.895833333333 0.958333333333 -0.0288226733254
0.916666666667 0.958333333333 -0.0293724931788
0.9375 0.958333333333 -0.0268832572134
0.958333333333 0.958333333333 -0.0210425821105
0.979166666667 0.958333333333 -0.0117757204293
1.0 0.958333333333 0.0
0.0 0.979166666667 0.0
0.0208333333333 0.979166666667 0.0261173298812
0.0416666666667 0.979166666667 0.0520126776018
0.0625 0.979166666667 0.0774661586721
0.0833333333333 0.979166666667 0.102262063771
0.104166666667 0.979166666667 0.126190896355
0.125 0.979166666667 0.149051351563
0.145833333333 0.979166666667 0.170652218889
0.166666666667 0.979166666667 0.190814192753
0.1875 0.979166666667 0.209371576987
0.208333333333 0.979166666667 0.226173871295
0.229166666667 0.979166666667 0.241087229784
0.25 0.979166666667 0.253995783522
0.270833333333 0.979166666667 0.26480282055
0.291666666667 0.979166666667 0.273431817702
0.3125 0.979166666667 0.279827318736
0.333333333333 0.979166666667 0.283955652606
0.354166666667 0.979166666667 0.285805484159
0.375 0.979166666667 0.285388187307
0.395833333333 0.979166666667 0.282738028142
0.416666666667 0.979166666667 0.277912143007
0.4375 0.979166666667 0.27099029495
0.458333333333 0.979166666667 0.262074391951
0.479166666667 0.979166666667 0.251287752443
0.5 0.979166666667 0.238774108481
0.520833333333 0.979166666667 0.224696344418
0.541666666667 0.979166666667 0.209234978957
0.5625 0.979166666667 0.192586410087
0.583333333333 0.979166666667 0.17496095496
0.604166666667 0.979166666667 0.156580729047
0.625 0.979166666667 0.137677420189
0.645833333333 0.979166666667 0.118490023125
0.666666666667 0.979166666667 0.0992626088043
0.6875 0.979166666667 0.0802422114357
0.708333333333 0.979166666667 0.0616769264707
0.729166666667 0.979166666667 0.0438143277668
0.75 0.979166666667 0.0269003365217
0.770833333333 0.979166666667 0.0111787157978
0.791666666667 0.979166666667 -0.00310856491266
0.8125 0.979166666667 -0.0157197279956
0.833333333333 0.979166666667 -0.02640976442
0.854166666667 0.979166666667 -0.0349242068471
0.875 0.979166666667 -0.0409883606026
0.895833333333 0.979166666667 -0.0442887462546
0.916666666667 0.979166666667 -0.0444403657097
0.9375 0.979166666667 -0.0409267214469
0.958333333333 0.979166666667 -0.0329866019581
0.979166666667 0.979166666667 -0.0194147385657
1.0 0.979166666667 0.0
0.0 1.0 0.0
0.0208333333333 1.0 0.0281654916865
0.0416666666667 1.0 0.0560866433575
0.0625 1.0 0.0835214563703
0.0833333333333 1.0 0.11023259213
0.104166666667 1.0 0.135989645847
0.125 1.0 0.160571354095
0.145833333333 1.0 0.183767716243
0.166666666667 1.0 0.205382011547
0.1875 1.0 0.22523269568
0.208333333333 1.0 0.243155162601
0.229166666667 1.0 0.259003359807
0.25 1.0 0.272651247007
0.270833333333 1.0 0.283994089837
0.291666666667 1.0 0.292949581345
0.3125 1.0 0.29945878435
0.333333333333 1.0 0.303486887355
0.354166666667 1.0 0.305023765541
0.375 1.0 0.304084336575
0.395833333333 1.0 0.300708698917
0.416666666667 1.0 0.294962038485
0.4375 1.0 0.286934288553
0.458333333333 1.0 0.276739528289
0.479166666667 1.0 0.264515107963
0.5 1.0 0.25042049393
0.520833333333 1.0 0.234635834132
0.541666666667 1.0 0.217360254705
0.5625 1.0 0.198809909728
0.583333333333 1.0 0.179215818397
0.604166666667 1.0 0.158821535948
0.625 1.0 0.137880715953
0.645833333333 1.0 0.116654631735
0.666666666667 1.0 0.0954097340427
0.6875 1.0 0.0744153316886
0.708333333333 1.0 0.053941493822
0.729166666667 1.0 0.0342572900082
0.75 1.0 0.0156295128522
0.770833333333 1.0 -0.00167792363222
0.791666666667 1.0 -0.0174036325669
0.8125 1.0 -0.0312870229809
0.833333333333 1.0 -0.0430644883904
0.854166666667 1.0 -0.0524622898221
0.875 1.0 -0.0591838383627
0.895833333333 1.0 -0.0628867245616
0.916666666667 1.0 -0.0631390867569
0.9375 1.0 -0.0593288697558
0.958333333333 1.0 -0.0504464703813
0.979166666667 1.0 -0.0344446598177
1.0 1.0 0.0
