0.0 0.0 1.0
0.03125 0.0 1.0009765625
0.0625 0.0 1.00390625
0.09375 0.0 1.0087890625
0.125 0.0 1.015625
0.15625 0.0 1.0244140625
0.1875 0.0 1.03515625
0.21875 0.0 1.0478515625
0.25 0.0 1.0625
0.28125 0.0 1.0791015625
0.3125 0.0 1.09765625
0.34375 0.0 1.1181640625
0.375 0.0 1.140625
0.40625 0.0 1.1650390625
0.4375 0.0 1.19140625
0.46875 0.0 1.2197265625
0.5 0.0 1.25
0.53125 0.0 1.2822265625
0.5625 0.0 1.31640625
0.59375 0.0 1.3525390625
0.625 0.0 1.390625
0.65625 0.0 1.4306640625
0.6875 0.0 1.47265625
0.71875 0.0 1.5166015625
0.75 0.0 1.5625
0.78125 0.0 1.6103515625
0.8125 0.0 1.66015625
0.84375 0.0 1.7119140625
0.875 0.0 1.765625
0.90625 0.0 1.8212890625
0.9375 0.0 1.87890625
0.96875 0.0 1.9384765625
1.0 0.0 2.0
0.0 0.03125 1.001953125
0.03125 0.03125 1.0029296875
0.0625 0.03125 1.005859375
0.09375 0.03125 1.0107421875
0.125 0.03125 1.017578125
0.15625 0.03125 1.0263671875
0.1875 0.03125 1.037109375
0.21875 0.03125 1.0498046875
0.25 0.03125 1.064453125
0.28125 0.03125 1.0810546875
0.3125 0.03125 1.099609375
0.34375 0.03125 1.1201171875
0.375 0.03125 1.142578125
0.40625 0.03125 1.1669921875
0.4375 0.03125 1.193359375
0.46875 0.03125 1.2216796875
0.5 0.03125 1.251953125
0.53125 0.03125 1.2841796875
0.5625 0.03125 1.318359375
0.59375 0.03125 1.3544921875
0.625 0.03125 1.392578125
0.65625 0.03125 1.4326171875
0.6875 0.03125 1.474609375
0.71875 0.03125 1.5185546875
0.75 0.03125 1.564453125
0.78125 0.03125 1.6123046875
0.8125 0.03125 1.662109375
0.84375 0.03125 1.7138671875
0.875 0.03125 1.767578125
0.90625 0.03125 1.8232421875
0.9375 0.03125 1.880859375
0.96875 0.03125 1.9404296875
1.0 0.03125 2.001953125
0.0 0.0625 1.0078125
0.03125 0.0625 1.0087890625
0.0625 0.0625 1.01171875
0.09375 0.0625 1.0166015625
0.125 0.0625 1.0234375
0.15625 0.0625 1.0322265625
0.1875 0.0625 1.04296875
0.21875 0.0625 1.0556640625
0.25 0.0625 1.0703125
0.28125 0.0625 1.0869140625
0.3125 0.0625 1.10546875
0.34375 0.0625 1.1259765625
0.375 0.0625 1.1484375
0.40625 0.0625 1.1728515625
0.4375 0.0625 1.19921875
0.46875 0.0625 1.2275390625
0.5 0.0625 1.2578125
0.53125 0.0625 1.2900390625
0.5625 0.0625 1.32421875
0.59375 0.0625 1.3603515625
0.625 0.0625 1.3984375
0.65625 0.0625 1.4384765625
0.6875 0.0625 1.48046875
0.71875 0.0625 1.5244140625
0.75 0.0625 1.5703125
0.78125 0.0625 1.6181640625
0.8125 0.0625 1.66796875
0.84375 0.0625 1.7197265625
0.875 0.0625 1.7734375
0.90625 0.0625 1.8291015625
0.9375 0.0625 1.88671875
0.96875 0.0625 1.9462890625
1.0 0.0625 2.0078125
0.0 0.09375 1.017578125
0.03125 0.09375 1.0185546875
0.0625 0.09375 1.021484375
0.09375 0.09375 1.0263671875
0.125 0.09375 1.033203125
0.15625 0.09375 1.0419921875
0.1875 0.09375 1.052734375
0.21875 0.09375 1.0654296875
0.25 0.09375 1.080078125
0.28125 0.09375 1.0966796875
0.3125 0.09375 1.115234375
0.34375 0.09375 1.1357421875
0.375 0.09375 1.158203125
0.40625 0.09375 1.1826171875
0.4375 0.09375 1.208984375
0.46875 0.09375 1.2373046875
0.5 0.09375 1.267578125
0.53125 0.09375 1.2998046875
0.5625 0.09375 1.333984375
0.59375 0.09375 1.3701171875
0.625 0.09375 1.408203125
0.65625 0.09375 1.4482421875
0.6875 0.09375 1.490234375
0.71875 0.09375 1.5341796875
0.75 0.09375 1.580078125
0.78125 0.09375 1.6279296875
0.8125 0.09375 1.677734375
0.84375 0.09375 1.7294921875
0.875 0.09375 1.783203125
0.90625 0.09375 1.8388671875
0.9375 0.09375 1.896484375
0.96875 0.09375 1.9560546875
1.0 0.09375 2.017578125
0.0 0.125 1.03125
0.03125 0.125 1.0322265625
0.0625 0.125 1.03515625
0.09375 0.125 1.0400390625
0.125 0.125 1.046875
0.15625 0.125 1.0556640625
0.1875 0.125 1.06640625
0.21875 0.125 1.0791015625
0.25 0.125 1.09375
0.28125 0.125 1.1103515625
0.3125 0.125 1.12890625
0.34375 0.125 1.1494140625
0.375 0.125 1.171875
0.40625 0.125 1.1962890625
0.4375 0.125 1.22265625
0.46875 0.125 1.2509765625
0.5 0.125 1.28125
0.53125 0.125 1.3134765625
0.5625 0.125 1.34765625
0.59375 0.125 1.3837890625
0.625 0.125 1.421875
0.65625 0.125 1.4619140625
0.6875 0.125 1.50390625
0.71875 0.125 1.5478515625
0.75 0.125 1.59375
0.78125 0.125 1.6416015625
0.8125 0.125 1.69140625
0.84375 0.125 1.7431640625
0.875 0.125 1.796875
0.90625 0.125 1.8525390625
0.9375 0.125 1.91015625
0.96875 0.125 1.9697265625
1.0 0.125 2.03125
0.0 0.15625 1.048828125
0.03125 0.15625 1.0498046875
0.0625 0.15625 1.052734375
0.09375 0.15625 1.0576171875
0.125 0.15625 1.064453125
0.15625 0.15625 1.0732421875
0.1875 0.15625 1.083984375
0.21875 0.15625 1.0966796875
0.25 0.15625 1.111328125
0.28125 0.15625 1.1279296875
0.3125 0.15625 1.146484375
0.34375 0.15625 1.1669921875
0.375 0.15625 1.189453125
0.40625 0.15625 1.2138671875
0.4375 0.15625 1.240234375
0.46875 0.15625 1.2685546875
0.5 0.15625 1.298828125
0.53125 0.15625 1.3310546875
0.5625 0.15625 1.365234375
0.59375 0.15625 1.4013671875
0.625 0.15625 1.439453125
0.65625 0.15625 1.4794921875
0.6875 0.15625 1.521484375
0.71875 0.15625 1.5654296875
0.75 0.15625 1.611328125
0.78125 0.15625 1.6591796875
0.8125 0.15625 1.708984375
0.84375 0.15625 1.7607421875
0.875 0.15625 1.814453125
0.90625 0.15625 1.8701171875
0.9375 0.15625 1.927734375
0.96875 0.15625 1.9873046875
1.0 0.15625 2.048828125
0.0 0.1875 1.0703125
0.03125 0.1875 1.0712890625
0.0625 0.1875 1.07421875
0.09375 0.1875 1.0791015625
0.125 0.1875 1.0859375
0.15625 0.1875 1.0947265625
0.1875 0.1875 1.10546875
0.21875 0.1875 1.1181640625
0.25 0.1875 1.1328125
0.28125 0.1875 1.1494140625
0.3125 0.1875 1.16796875
0.34375 0.1875 1.1884765625
0.375 0.1875 1.2109375
0.40625 0.1875 1.2353515625
0.4375 0.1875 1.26171875
0.46875 0.1875 1.2900390625
0.5 0.1875 1.3203125
0.53125 0.1875 1.3525390625
0.5625 0.1875 1.38671875
0.59375 0.1875 1.4228515625
0.625 0.1875 1.4609375
0.65625 0.1875 1.5009765625
0.6875 0.1875 1.54296875
0.71875 0.1875 1.5869140625
0.75 0.1875 1.6328125
0.78125 0.1875 1.6806640625
0.8125 0.1875 1.73046875
0.84375 0.1875 1.7822265625
0.875 0.1875 1.8359375
0.90625 0.1875 1.8916015625
0.9375 0.1875 1.94921875
0.96875 0.1875 2.0087890625
1.0 0.1875 2.0703125
0.0 0.21875 1.095703125
0.03125 0.21875 1.0966796875
0.0625 0.21875 1.099609375
0.09375 0.21875 1.1044921875
0.125 0.21875 1.111328125
0.15625 0.21875 1.1201171875
0.1875 0.21875 1.130859375
0.21875 0.21875 1.1435546875
0.25 0.21875 1.158203125
0.28125 0.21875 1.1748046875
0.3125 0.21875 1.193359375
0.34375 0.21875 1.2138671875
0.375 0.21875 1.236328125
0.40625 0.21875 1.2607421875
0.4375 0.21875 1.287109375
0.46875 0.21875 1.3154296875
0.5 0.21875 1.345703125
0.53125 0.21875 1.3779296875
0.5625 0.21875 1.412109375
0.59375 0.21875 1.4482421875
0.625 0.21875 1.486328125
0.65625 0.21875 1.5263671875
0.6875 0.21875 1.568359375
0.71875 0.21875 1.6123046875
0.75 0.21875 1.658203125
0.78125 0.21875 1.7060546875
0.8125 0.21875 1.755859375
0.84375 0.21875 1.8076171875
0.875 0.21875 1.861328125
0.90625 0.21875 1.9169921875
0.9375 0.21875 1.974609375
0.96875 0.21875 2.0341796875
1.0 0.21875 2.095703125
0.0 0.25 1.125
0.03125 0.25 1.1259765625
0.0625 0.25 1.12890625
0.09375 0.25 1.1337890625
0.125 0.25 1.140625
0.15625 0.25 1.1494140625
0.1875 0.25 1.16015625
0.21875 0.25 1.1728515625
0.25 0.25 1.1875
0.28125 0.25 1.2041015625
0.3125 0.25 1.22265625
0.34375 0.25 1.2431640625
0.375 0.25 1.265625
0.40625 0.25 1.2900390625
0.4375 0.25 1.31640625
0.46875 0.25 1.3447265625
0.5 0.25 1.375
0.53125 0.25 1.4072265625
0.5625 0.25 1.44140625
0.59375 0.25 1.4775390625
0.625 0.25 1.515625
0.65625 0.25 1.5556640625
0.6875 0.25 1.59765625
0.71875 0.25 1.6416015625
0.75 0.25 1.6875
0.78125 0.25 1.7353515625
0.8125 0.25 1.78515625
0.84375 0.25 1.8369140625
0.875 0.25 1.890625
0.90625 0.25 1.9462890625
0.9375 0.25 2.00390625
0.96875 0.25 2.0634765625
1.0 0.25 2.125
0.0 0.28125 1.158203125
0.03125 0.28125 1.1591796875
0.0625 0.28125 1.162109375
0.09375 0.28125 1.1669921875
0.125 0.28125 1.173828125
0.15625 0.28125 1.1826171875
0.1875 0.28125 1.193359375
0.21875 0.28125 1.2060546875
0.25 0.28125 1.220703125
0.28125 0.28125 1.2373046875
0.3125 0.28125 1.255859375
0.34375 0.28125 1.2763671875
0.375 0.28125 1.298828125
0.40625 0.28125 1.3232421875
0.4375 0.28125 1.349609375
0.46875 0.28125 1.3779296875
0.5 0.28125 1.408203125
0.53125 0.28125 1.4404296875
0.5625 0.28125 1.474609375
0.59375 0.28125 1.5107421875
0.625 0.28125 1.548828125
0.65625 0.28125 1.5888671875
0.6875 0.28125 1.630859375
0.71875 0.28125 1.6748046875
0.75 0.28125 1.720703125
0.78125 0.28125 1.7685546875
0.8125 0.28125 1.818359375
0.84375 0.28125 1.8701171875
0.875 0.28125 1.923828125
0.90625 0.28125 1.9794921875
0.9375 0.28125 2.037109375
0.96875 0.28125 2.0966796875
1.0 0.28125 2.158203125
0.0 0.3125 1.1953125
0.03125 0.3125 1.1962890625
0.0625 0.3125 1.19921875
0.09375 0.3125 1.2041015625
0.125 0.3125 1.2109375
0.15625 0.3125 1.2197265625
0.1875 0.3125 1.23046875
0.21875 0.3125 1.2431640625
0.25 0.3125 1.2578125
0.28125 0.3125 1.2744140625
0.3125 0.3125 1.29296875
0.34375 0.3125 1.3134765625
0.375 0.3125 1.3359375
0.40625 0.3125 1.3603515625
0.4375 0.3125 1.38671875
0.46875 0.3125 1.4150390625
0.5 0.3125 1.4453125
0.53125 0.3125 1.4775390625
0.5625 0.3125 1.51171875
0.59375 0.3125 1.5478515625
0.625 0.3125 1.5859375
0.65625 0.3125 1.6259765625
0.6875 0.3125 1.66796875
0.71875 0.3125 1.7119140625
0.75 0.3125 1.7578125
0.78125 0.3125 1.8056640625
0.8125 0.3125 1.85546875
0.84375 0.3125 1.9072265625
0.875 0.3125 1.9609375
0.90625 0.3125 2.0166015625
0.9375 0.3125 2.07421875
0.96875 0.3125 2.1337890625
1.0 0.3125 2.1953125
0.0 0.34375 1.236328125
0.03125 0.34375 1.2373046875
0.0625 0.34375 1.240234375
0.09375 0.34375 1.2451171875
0.125 0.34375 1.251953125
0.15625 0.34375 1.2607421875
0.1875 0.34375 1.271484375
0.21875 0.34375 1.2841796875
0.25 0.34375 1.298828125
0.28125 0.34375 1.3154296875
0.3125 0.34375 1.333984375
0.34375 0.34375 1.3544921875
0.375 0.34375 1.376953125
0.40625 0.34375 1.4013671875
0.4375 0.34375 1.427734375
0.46875 0.34375 1.4560546875
0.5 0.34375 1.486328125
0.53125 0.34375 1.5185546875
0.5625 0.34375 1.552734375
0.59375 0.34375 1.5888671875
0.625 0.34375 1.626953125
0.65625 0.34375 1.6669921875
0.6875 0.34375 1.708984375
0.71875 0.34375 1.7529296875
0.75 0.34375 1.798828125
0.78125 0.34375 1.8466796875
0.8125 0.34375 1.896484375
0.84375 0.34375 1.9482421875
0.875 0.34375 2.001953125
0.90625 0.34375 2.0576171875
0.9375 0.34375 2.115234375
0.96875 0.34375 2.1748046875
1.0 0.34375 2.236328125
0.0 0.375 1.28125
0.03125 0.375 1.2822265625
0.0625 0.375 1.28515625
0.09375 0.375 1.2900390625
0.125 0.375 1.296875
0.15625 0.375 1.3056640625
0.1875 0.375 1.31640625
0.21875 0.375 1.3291015625
0.25 0.375 1.34375
0.28125 0.375 1.3603515625
0.3125 0.375 1.37890625
0.34375 0.375 1.3994140625
0.375 0.375 1.421875
0.40625 0.375 1.4462890625
0.4375 0.375 1.47265625
0.46875 0.375 1.5009765625
0.5 0.375 1.53125
0.53125 0.375 1.5634765625
0.5625 0.375 1.59765625
0.59375 0.375 1.6337890625
0.625 0.375 1.671875
0.65625 0.375 1.7119140625
0.6875 0.375 1.75390625
0.71875 0.375 1.7978515625
0.75 0.375 1.84375
0.78125 0.375 1.8916015625
0.8125 0.375 1.94140625
0.84375 0.375 1.9931640625
0.875 0.375 2.046875
0.90625 0.375 2.1025390625
0.9375 0.375 2.16015625
0.96875 0.375 2.2197265625
1.0 0.375 2.28125
0.0 0.40625 1.330078125
0.03125 0.40625 1.3310546875
0.0625 0.40625 1.333984375
0.09375 0.40625 1.3388671875
0.125 0.40625 1.345703125
0.15625 0.40625 1.3544921875
0.1875 0.40625 1.365234375
0.21875 0.40625 1.3779296875
0.25 0.40625 1.392578125
0.28125 0.40625 1.4091796875
0.3125 0.40625 1.427734375
0.34375 0.40625 1.4482421875
0.375 0.40625 1.470703125
0.40625 0.40625 1.4951171875
0.4375 0.40625 1.521484375
0.46875 0.40625 1.5498046875
0.5 0.40625 1.580078125
0.53125 0.40625 1.6123046875
0.5625 0.40625 1.646484375
0.59375 0.40625 1.6826171875
0.625 0.40625 1.720703125
0.65625 0.40625 1.7607421875
0.6875 0.40625 1.802734375
0.71875 0.40625 1.8466796875
0.75 0.40625 1.892578125
0.78125 0.40625 1.9404296875
0.8125 0.40625 1.990234375
0.84375 0.40625 2.0419921875
0.875 0.40625 2.095703125
0.90625 0.40625 2.1513671875
0.9375 0.40625 2.208984375
0.96875 0.40625 2.2685546875
1.0 0.40625 2.330078125
0.0 0.4375 1.3828125
0.03125 0.4375 1.3837890625
0.0625 0.4375 1.38671875
0.09375 0.4375 1.3916015625
0.125 0.4375 1.3984375
0.15625 0.4375 1.4072265625
0.1875 0.4375 1.41796875
0.21875 0.4375 1.4306640625
0.25 0.4375 1.4453125
0.28125 0.4375 1.4619140625
0.3125 0.4375 1.48046875
0.34375 0.4375 1.5009765625
0.375 0.4375 1.5234375
0.40625 0.4375 1.5478515625
0.4375 0.4375 1.57421875
0.46875 0.4375 1.6025390625
0.5 0.4375 1.6328125
0.53125 0.4375 1.6650390625
0.5625 0.4375 1.69921875
0.59375 0.4375 1.7353515625
0.625 0.4375 1.7734375
0.65625 0.4375 1.8134765625
0.6875 0.4375 1.85546875
0.71875 0.4375 1.8994140625
0.75 0.4375 1.9453125
0.78125 0.4375 1.9931640625
0.8125 0.4375 2.04296875
0.84375 0.4375 2.0947265625
0.875 0.4375 2.1484375
0.90625 0.4375 2.2041015625
0.9375 0.4375 2.26171875
0.96875 0.4375 2.3212890625
1.0 0.4375 2.3828125
0.0 0.46875 1.439453125
0.03125 0.46875 1.4404296875
0.0625 0.46875 1.443359375
0.09375 0.46875 1.4482421875
0.125 0.46875 1.455078125
0.15625 0.46875 1.4638671875
0.1875 0.46875 1.474609375
0.21875 0.46875 1.4873046875
0.25 0.46875 1.501953125
0.28125 0.46875 1.5185546875
0.3125 0.46875 1.537109375
0.34375 0.46875 1.5576171875
0.375 0.46875 1.580078125
0.40625 0.46875 1.6044921875
0.4375 0.46875 1.630859375
0.46875 0.46875 1.6591796875
0.5 0.46875 1.689453125
0.53125 0.46875 1.7216796875
0.5625 0.46875 1.755859375
0.59375 0.46875 1.7919921875
0.625 0.46875 1.830078125
0.65625 0.46875 1.8701171875
0.6875 0.46875 1.912109375
0.71875 0.46875 1.9560546875
0.75 0.46875 2.001953125
0.78125 0.46875 2.0498046875
0.8125 0.46875 2.099609375
0.84375 0.46875 2.1513671875
0.875 0.46875 2.205078125
0.90625 0.46875 2.2607421875
0.9375 0.46875 2.318359375
0.96875 0.46875 2.3779296875
1.0 0.46875 2.439453125
0.0 0.5 1.5
0.03125 0.5 1.5009765625
0.0625 0.5 1.50390625
0.09375 0.5 1.5087890625
0.125 0.5 1.515625
0.15625 0.5 1.5244140625
0.1875 0.5 1.53515625
0.21875 0.5 1.5478515625
0.25 0.5 1.5625
0.28125 0.5 1.5791015625
0.3125 0.5 1.59765625
0.34375 0.5 1.6181640625
0.375 0.5 1.640625
0.40625 0.5 1.6650390625
0.4375 0.5 1.69140625
0.46875 0.5 1.7197265625
0.5 0.5 1.75
0.53125 0.5 1.7822265625
0.5625 0.5 1.81640625
0.59375 0.5 1.8525390625
0.625 0.5 1.890625
0.65625 0.5 1.9306640625
0.6875 0.5 1.97265625
0.71875 0.5 2.0166015625
0.75 0.5 2.0625
0.78125 0.5 2.1103515625
0.8125 0.5 2.16015625
0.84375 0.5 2.2119140625
0.875 0.5 2.265625
0.90625 0.5 2.3212890625
0.9375 0.5 2.37890625
0.96875 0.5 2.4384765625
1.0 0.5 2.5
0.0 0.53125 1.564453125
0.03125 0.53125 1.5654296875
0.0625 0.53125 1.568359375
0.09375 0.53125 1.5732421875
0.125 0.53125 1.580078125
0.15625 0.53125 1.5888671875
0.1875 0.53125 1.599609375
0.21875 0.53125 1.6123046875
0.25 0.53125 1.626953125
0.28125 0.53125 1.6435546875
0.3125 0.53125 1.662109375
0.34375 0.53125 1.6826171875
0.375 0.53125 1.705078125
0.40625 0.53125 1.7294921875
0.4375 0.53125 1.755859375
0.46875 0.53125 1.7841796875
0.5 0.53125 1.814453125
0.53125 0.53125 1.8466796875
0.5625 0.53125 1.880859375
0.59375 0.53125 1.9169921875
0.625 0.53125 1.955078125
0.65625 0.53125 1.9951171875
0.6875 0.53125 2.037109375
0.71875 0.53125 2.0810546875
0.75 0.53125 2.126953125
0.78125 0.53125 2.1748046875
0.8125 0.53125 2.224609375
0.84375 0.53125 2.2763671875
0.875 0.53125 2.330078125
0.90625 0.53125 2.3857421875
0.9375 0.53125 2.443359375
0.96875 0.53125 2.5029296875
1.0 0.53125 2.564453125
0.0 0.5625 1.6328125
0.03125 0.5625 1.6337890625
0.0625 0.5625 1.63671875
0.09375 0.5625 1.6416015625
0.125 0.5625 1.6484375
0.15625 0.5625 1.6572265625
0.1875 0.5625 1.66796875
0.21875 0.5625 1.6806640625
0.25 0.5625 1.6953125
0.28125 0.5625 1.7119140625
0.3125 0.5625 1.73046875
0.34375 0.5625 1.7509765625
0.375 0.5625 1.7734375
0.40625 0.5625 1.7978515625
0.4375 0.5625 1.82421875
0.46875 0.5625 1.8525390625
0.5 0.5625 1.8828125
0.53125 0.5625 1.9150390625
0.5625 0.5625 1.94921875
0.59375 0.5625 1.9853515625
0.625 0.5625 2.0234375
0.65625 0.5625 2.0634765625
0.6875 0.5625 2.10546875
0.71875 0.5625 2.1494140625
0.75 0.5625 2.1953125
0.78125 0.5625 2.2431640625
0.8125 0.5625 2.29296875
0.84375 0.5625 2.3447265625
0.875 0.5625 2.3984375
0.90625 0.5625 2.4541015625
0.9375 0.5625 2.51171875
0.96875 0.5625 2.5712890625
1.0 0.5625 2.6328125
0.0 0.59375 1.705078125
0.03125 0.59375 1.7060546875
0.0625 0.59375 1.708984375
0.09375 0.59375 1.7138671875
0.125 0.59375 1.720703125
0.15625 0.59375 1.7294921875
0.1875 0.59375 1.740234375
0.21875 0.59375 1.7529296875
0.25 0.59375 1.767578125
0.28125 0.59375 1.7841796875
0.3125 0.59375 1.802734375
0.34375 0.59375 1.8232421875
0.375 0.59375 1.845703125
0.40625 0.59375 1.8701171875
0.4375 0.59375 1.896484375
0.46875 0.59375 1.9248046875
0.5 0.59375 1.955078125
0.53125 0.59375 1.9873046875
0.5625 0.59375 2.021484375
0.59375 0.59375 2.0576171875
0.625 0.59375 2.095703125
0.65625 0.59375 2.1357421875
0.6875 0.59375 2.177734375
0.71875 0.59375 2.2216796875
0.75 0.59375 2.267578125
0.78125 0.59375 2.3154296875
0.8125 0.59375 2.365234375
0.84375 0.59375 2.4169921875
0.875 0.59375 2.470703125
0.90625 0.59375 2.5263671875
0.9375 0.59375 2.583984375
0.96875 0.59375 2.6435546875
1.0 0.59375 2.705078125
0.0 0.625 1.78125
0.03125 0.625 1.7822265625
0.0625 0.625 1.78515625
0.09375 0.625 1.7900390625
0.125 0.625 1.796875
0.15625 0.625 1.8056640625
0.1875 0.625 1.81640625
0.21875 0.625 1.8291015625
0.25 0.625 1.84375
0.28125 0.625 1.8603515625
0.3125 0.625 1.87890625
0.34375 0.625 1.8994140625
0.375 0.625 1.921875
0.40625 0.625 1.9462890625
0.4375 0.625 1.97265625
0.46875 0.625 2.0009765625
0.5 0.625 2.03125
0.53125 0.625 2.0634765625
0.5625 0.625 2.09765625
0.59375 0.625 2.1337890625
0.625 0.625 2.171875
0.65625 0.625 2.2119140625
0.6875 0.625 2.25390625
0.71875 0.625 2.2978515625
0.75 0.625 2.34375
0.78125 0.625 2.3916015625
0.8125 0.625 2.44140625
0.84375 0.625 2.4931640625
0.875 0.625 2.546875
0.90625 0.625 2.6025390625
0.9375 0.625 2.66015625
0.96875 0.625 2.7197265625
1.0 0.625 2.78125
0.0 0.65625 1.861328125
0.03125 0.65625 1.8623046875
0.0625 0.65625 1.865234375
0.09375 0.65625 1.8701171875
0.125 0.65625 1.876953125
0.15625 0.65625 1.8857421875
0.1875 0.65625 1.896484375
0.21875 0.65625 1.9091796875
0.25 0.65625 1.923828125
0.28125 0.65625 1.9404296875
0.3125 0.65625 1.958984375
0.34375 0.65625 1.9794921875
0.375 0.65625 2.001953125
0.40625 0.65625 2.0263671875
0.4375 0.65625 2.052734375
0.46875 0.65625 2.0810546875
0.5 0.65625 2.111328125
0.53125 0.65625 2.1435546875
0.5625 0.65625 2.177734375
0.59375 0.65625 2.2138671875
0.625 0.65625 2.251953125
0.65625 0.65625 2.2919921875
0.6875 0.65625 2.333984375
0.71875 0.65625 2.3779296875
0.75 0.65625 2.423828125
0.78125 0.65625 2.4716796875
0.8125 0.65625 2.521484375
0.84375 0.65625 2.5732421875
0.875 0.65625 2.626953125
0.90625 0.65625 2.6826171875
0.9375 0.65625 2.740234375
0.96875 0.65625 2.7998046875
1.0 0.65625 2.861328125
0.0 0.6875 1.9453125
0.03125 0.6875 1.9462890625
0.0625 0.6875 1.94921875
0.09375 0.6875 1.9541015625
0.125 0.6875 1.9609375
0.15625 0.6875 1.9697265625
0.1875 0.6875 1.98046875
0.21875 0.6875 1.9931640625
0.25 0.6875 2.0078125
0.28125 0.6875 2.0244140625
0.3125 0.6875 2.04296875
0.34375 0.6875 2.0634765625
0.375 0.6875 2.0859375
0.40625 0.6875 2.1103515625
0.4375 0.6875 2.13671875
0.46875 0.6875 2.1650390625
0.5 0.6875 2.1953125
0.53125 0.6875 2.2275390625
0.5625 0.6875 2.26171875
0.59375 0.6875 2.2978515625
0.625 0.6875 2.3359375
0.65625 0.6875 2.3759765625
0.6875 0.6875 2.41796875
0.71875 0.6875 2.4619140625
0.75 0.6875 2.5078125
0.78125 0.6875 2.5556640625
0.8125 0.6875 2.60546875
0.84375 0.6875 2.6572265625
0.875 0.6875 2.7109375
0.90625 0.6875 2.7666015625
0.9375 0.6875 2.82421875
0.96875 0.6875 2.8837890625
1.0 0.6875 2.9453125
0.0 0.71875 2.033203125
0.03125 0.71875 2.0341796875
0.0625 0.71875 2.037109375
0.09375 0.71875 2.0419921875
0.125 0.71875 2.048828125
0.15625 0.71875 2.0576171875
0.1875 0.71875 2.068359375
0.21875 0.71875 2.0810546875
0.25 0.71875 2.095703125
0.28125 0.71875 2.1123046875
0.3125 0.71875 2.130859375
0.34375 0.71875 2.1513671875
0.375 0.71875 2.173828125
0.40625 0.71875 2.1982421875
0.4375 0.71875 2.224609375
0.46875 0.71875 2.2529296875
0.5 0.71875 2.283203125
0.53125 0.71875 2.3154296875
0.5625 0.71875 2.349609375
0.59375 0.71875 2.3857421875
0.625 0.71875 2.423828125
0.65625 0.71875 2.4638671875
0.6875 0.71875 2.505859375
0.71875 0.71875 2.5498046875
0.75 0.71875 2.595703125
0.78125 0.71875 2.6435546875
0.8125 0.71875 2.693359375
0.84375 0.71875 2.7451171875
0.875 0.71875 2.798828125
0.90625 0.71875 2.8544921875
0.9375 0.71875 2.912109375
0.96875 0.71875 2.9716796875
1.0 0.71875 3.033203125
0.0 0.75 2.125
0.03125 0.75 2.1259765625
0.0625 0.75 2.12890625
0.09375 0.75 2.1337890625
0.125 0.75 2.140625
0.15625 0.75 2.1494140625
0.1875 0.75 2.16015625
0.21875 0.75 2.1728515625
0.25 0.75 2.1875
0.28125 0.75 2.2041015625
0.3125 0.75 2.22265625
0.34375 0.75 2.2431640625
0.375 0.75 2.265625
0.40625 0.75 2.2900390625
0.4375 0.75 2.31640625
0.46875 0.75 2.3447265625
0.5 0.75 2.375
0.53125 0.75 2.4072265625
0.5625 0.75 2.44140625
0.59375 0.75 2.4775390625
0.625 0.75 2.515625
0.65625 0.75 2.5556640625
0.6875 0.75 2.59765625
0.71875 0.75 2.6416015625
0.75 0.75 2.6875
0.78125 0.75 2.7353515625
0.8125 0.75 2.78515625
0.84375 0.75 2.8369140625
0.875 0.75 2.890625
0.90625 0.75 2.9462890625
0.9375 0.75 3.00390625
0.96875 0.75 3.0634765625
1.0 0.75 3.125
0.0 0.78125 2.220703125
0.03125 0.78125 2.2216796875
0.0625 0.78125 2.224609375
0.09375 0.78125 2.2294921875
0.125 0.78125 2.236328125
0.15625 0.78125 2.2451171875
0.1875 0.78125 2.255859375
0.21875 0.78125 2.2685546875
0.25 0.78125 2.283203125
0.28125 0.78125 2.2998046875
0.3125 0.78125 2.318359375
0.34375 0.78125 2.3388671875
0.375 0.78125 2.361328125
0.40625 0.78125 2.3857421875
0.4375 0.78125 2.412109375
0.46875 0.78125 2.4404296875
0.5 0.78125 2.470703125
0.53125 0.78125 2.5029296875
0.5625 0.78125 2.537109375
0.59375 0.78125 2.5732421875
0.625 0.78125 2.611328125
0.65625 0.78125 2.6513671875
0.6875 0.78125 2.693359375
0.71875 0.78125 2.7373046875
0.75 0.78125 2.783203125
0.78125 0.78125 2.8310546875
0.8125 0.78125 2.880859375
0.84375 0.78125 2.9326171875
0.875 0.78125 2.986328125
0.90625 0.78125 3.0419921875
0.9375 0.78125 3.099609375
0.96875 0.78125 3.1591796875
1.0 0.78125 3.220703125
0.0 0.8125 2.3203125
0.03125 0.8125 2.3212890625
0.0625 0.8125 2.32421875
0.09375 0.8125 2.3291015625
0.125 0.8125 2.3359375
0.15625 0.8125 2.3447265625
0.1875 0.8125 2.35546875
0.21875 0.8125 2.3681640625
0.25 0.8125 2.3828125
0.28125 0.8125 2.3994140625
0.3125 0.8125 2.41796875
0.34375 0.8125 2.4384765625
0.375 0.8125 2.4609375
0.40625 0.8125 2.4853515625
0.4375 0.8125 2.51171875
0.46875 0.8125 2.5400390625
0.5 0.8125 2.5703125
0.53125 0.8125 2.6025390625
0.5625 0.8125 2.63671875
0.59375 0.8125 2.6728515625
0.625 0.8125 2.7109375
0.65625 0.8125 2.7509765625
0.6875 0.8125 2.79296875
0.71875 0.8125 2.8369140625
0.75 0.8125 2.8828125
0.78125 0.8125 2.9306640625
0.8125 0.8125 2.98046875
0.84375 0.8125 3.0322265625
0.875 0.8125 3.0859375
0.90625 0.8125 3.1416015625
0.9375 0.8125 3.19921875
0.96875 0.8125 3.2587890625
1.0 0.8125 3.3203125
0.0 0.84375 2.423828125
0.03125 0.84375 2.4248046875
0.0625 0.84375 2.427734375
0.09375 0.84375 2.4326171875
0.125 0.84375 2.439453125
0.15625 0.84375 2.4482421875
0.1875 0.84375 2.458984375
0.21875 0.84375 2.4716796875
0.25 0.84375 2.486328125
0.28125 0.84375 2.5029296875
0.3125 0.84375 2.521484375
0.34375 0.84375 2.5419921875
0.375 0.84375 2.564453125
0.40625 0.84375 2.5888671875
0.4375 0.84375 2.615234375
0.46875 0.84375 2.6435546875
0.5 0.84375 2.673828125
0.53125 0.84375 2.7060546875
0.5625 0.84375 2.740234375
0.59375 0.84375 2.7763671875
0.625 0.84375 2.814453125
0.65625 0.84375 2.8544921875
0.6875 0.84375 2.896484375
0.71875 0.84375 2.9404296875
0.75 0.84375 2.986328125
0.78125 0.84375 3.0341796875
0.8125 0.84375 3.083984375
0.84375 0.84375 3.1357421875
0.875 0.84375 3.189453125
0.90625 0.84375 3.2451171875
0.9375 0.84375 3.302734375
0.96875 0.84375 3.3623046875
1.0 0.84375 3.423828125
0.0 0.875 2.53125
0.03125 0.875 2.5322265625
0.0625 0.875 2.53515625
0.09375 0.875 2.5400390625
0.125 0.875 2.546875
0.15625 0.875 2.5556640625
0.1875 0.875 2.56640625
0.21875 0.875 2.5791015625
0.25 0.875 2.59375
0.28125 0.875 2.6103515625
0.3125 0.875 2.62890625
0.34375 0.875 2.6494140625
0.375 0.875 2.671875
0.40625 0.875 2.6962890625
0.4375 0.875 2.72265625
0.46875 0.875 2.7509765625
0.5 0.875 2.78125
0.53125 0.875 2.8134765625
0.5625 0.875 2.84765625
0.59375 0.875 2.8837890625
0.625 0.875 2.921875
0.65625 0.875 2.9619140625
0.6875 0.875 3.00390625
0.71875 0.875 3.0478515625
0.75 0.875 3.09375
0.78125 0.875 3.1416015625
0.8125 0.875 3.19140625
0.84375 0.875 3.2431640625
0.875 0.875 3.296875
0.90625 0.875 3.3525390625
0.9375 0.875 3.41015625
0.96875 0.875 3.4697265625
1.0 0.875 3.53125
0.0 0.90625 2.642578125
0.03125 0.90625 2.6435546875
0.0625 0.90625 2.646484375
0.09375 0.90625 2.6513671875
0.125 0.90625 2.658203125
0.15625 0.90625 2.6669921875
0.1875 0.90625 2.677734375
0.21875 0.90625 2.6904296875
0.25 0.90625 2.705078125
0.28125 0.90625 2.7216796875
0.3125 0.90625 2.740234375
0.34375 0.90625 2.7607421875
0.375 0.90625 2.783203125
0.40625 0.90625 2.8076171875
0.4375 0.90625 2.833984375
0.46875 0.90625 2.8623046875
0.5 0.90625 2.892578125
0.53125 0.90625 2.9248046875
0.5625 0.90625 2.958984375
0.59375 0.90625 2.9951171875
0.625 0.90625 3.033203125
0.65625 0.90625 3.0732421875
0.6875 0.90625 3.115234375
0.71875 0.90625 3.1591796875
0.75 0.90625 3.205078125
0.78125 0.90625 3.2529296875
0.8125 0.90625 3.302734375
0.84375 0.90625 3.3544921875
0.875 0.90625 3.408203125
0.90625 0.90625 3.4638671875
0.9375 0.90625 3.521484375
0.96875 0.90625 3.5810546875
1.0 0.90625 3.642578125
0.0 0.9375 2.7578125
0.03125 0.9375 2.7587890625
0.0625 0.9375 2.76171875
0.09375 0.9375 2.7666015625
0.125 0.9375 2.7734375
0.15625 0.9375 2.7822265625
0.1875 0.9375 2.79296875
0.21875 0.9375 2.8056640625
0.25 0.9375 2.8203125
0.28125 0.9375 2.8369140625
0.3125 0.9375 2.85546875
0.34375 0.9375 2.8759765625
0.375 0.9375 2.8984375
0.40625 0.9375 2.9228515625
0.4375 0.9375 2.94921875
0.46875 0.9375 2.9775390625
0.5 0.9375 3.0078125
0.53125 0.9375 3.0400390625
0.5625 0.9375 3.07421875
0.59375 0.9375 3.1103515625
0.625 0.9375 3.1484375
0.65625 0.9375 3.1884765625
0.6875 0.9375 3.23046875
0.71875 0.9375 3.2744140625
0.75 0.9375 3.3203125
0.78125 0.9375 3.3681640625
0.8125 0.9375 3.41796875
0.84375 0.9375 3.4697265625
0.875 0.9375 3.5234375
0.90625 0.9375 3.5791015625
0.9375 0.9375 3.63671875
0.96875 0.9375 3.6962890625
1.0 0.9375 3.7578125
0.0 0.96875 2.876953125
0.03125 0.96875 2.8779296875
0.0625 0.96875 2.880859375
0.09375 0.96875 2.8857421875
0.125 0.96875 2.892578125
0.15625 0.96875 2.9013671875
0.1875 0.96875 2.912109375
0.21875 0.96875 2.9248046875
0.25 0.96875 2.939453125
0.28125 0.96875 2.9560546875
0.3125 0.96875 2.974609375
0.34375 0.96875 2.9951171875
0.375 0.96875 3.017578125
0.40625 0.96875 3.0419921875
0.4375 0.96875 3.068359375
0.46875 0.96875 3.0966796875
0.5 0.96875 3.126953125
0.53125 0.96875 3.1591796875
0.5625 0.96875 3.193359375
0.59375 0.96875 3.2294921875
0.625 0.96875 3.267578125
0.65625 0.96875 3.3076171875
0.6875 0.96875 3.349609375
0.71875 0.96875 3.3935546875
0.75 0.96875 3.439453125
0.78125 0.96875 3.4873046875
0.8125 0.96875 3.537109375
0.84375 0.96875 3.5888671875
0.875 0.96875 3.642578125
0.90625 0.96875 3.6982421875
0.9375 0.96875 3.755859375
0.96875 0.96875 3.8154296875
1.0 0.96875 3.876953125
0.0 1.0 3.0
0.03125 1.0 3.0009765625
0.0625 1.0 3.00390625
0.09375 1.0 3.0087890625
0.125 1.0 3.015625
0.15625 1.0 3.0244140625
0.1875 1.0 3.03515625
0.21875 1.0 3.0478515625
0.25 1.0 3.0625
0.28125 1.0 3.0791015625
0.3125 1.0 3.09765625
0.34375 1.0 3.1181640625
0.375 1.0 3.140625
0.40625 1.0 3.1650390625
0.4375 1.0 3.19140625
0.46875 1.0 3.2197265625
0.5 1.0 3.25
0.53125 1.0 3.2822265625
0.5625 1.0 3.31640625
0.59375 1.0 3.3525390625
0.625 1.0 3.390625
0.65625 1.0 3.4306640625
0.6875 1.0 3.47265625
0.71875 1.0 3.5166015625
0.75 1.0 3.5625
0.78125 1.0 3.6103515625
0.8125 1.0 3.66015625
0.84375 1.0 3.7119140625
0.875 1.0 3.765625
0.90625 1.0 3.8212890625
0.9375 1.0 3.87890625
0.96875 1.0 3.9384765625
1.0 1.0 4.0
