0 0 0.9999999999999998
1 0 2
1 1 4
0 1 3
0.5 0.5 1.749999999999987
0 0.5 1.5
0.5 1 3.250000000000001
0.25 0.5 1.562499999999966
0.2029823748862103 0.2228740282589615 1.140547509459164
0.125 0.5 1.515624999999992
0 0.625 1.78125
0.5 0 1.25
0 0.75 2.125
0.08333333333333333 0.6875 1.95225694444444
0.25 1 3.0625
0.1875 0.6122685185185186 1.784901727537702
0.375 0.6431187953417334 1.967828569843609
0.2033710859385896 0.7439749936357682 2.1483573809065
0.2867916237997256 0.5940131013745704 1.787952564690922
0.375 0.5052874591276025 1.651255832703218
0.1032828842936681 0.8009049568360018 2.293564853956978
0.2115204137321167 0.8747494672908955 2.575114146476789
0 0.875 2.531250000000001
0.320898261294196 0.304101738705804 1.287931429069388
0.3519516738144668 0.80035721511364 2.405013324269712
0.125 1 3.015625
0.3162830143962648 0.4132100737905581 1.441520075359555
0.2284840788842788 0.3548444282671016 1.304034110847967
0.4517527977075768 0.3642886220691045 1.469492990574582
0 0.25 1.125
0.25 0 1.0625
0.375 1 3.140625
0.4442493517194575 0.8866275880044918 2.769574446124476
0.09776072732829365 0.9022392726717063 2.637628570110077
0.4573879828387833 0.1796956637436324 1.273784829981826
0.6780251061906474 0.2356032278494338 1.570735806570967
0.4940183870390801 0.7408731967470032 2.341840354048927
0.4154847890500061 0.270798952218841 1.319291754977536
0.3288710357480748 0.1757723462134117 1.169947993540714
0.5440017361407146 0.2747222697490616 1.446882539916224
0.4375 0.08007932086419131 1.204231645260118
0.2599336717749818 0.1011239844487 1.088017634183971
0.125 0 1.015625
0.375 0 1.140625
0.625 1 3.390625
0.75 1 3.5625
0.5484074300117645 0.1837204640383922 1.368257127105049
0.75 0 1.5625
1 0.5 2.5
0.625 0.8681376706676213 2.897951030464407
0 0.125 1.03125
0 0.375 1.281249999999999
0.111196277167043 0.3090597455639574 1.203400464711909
0.1407508182100078 0.1195686892294774 1.048404135714878
0.625 0 1.390625
0.1421884216218701 0.4027883039807271 1.344694382890627
0.09297014978742067 0.2091667434383488 1.096144901872686
0.6573141375285578 0.4137908169048182 1.774507555704386
0.6875 0.1097022418954413 1.496725413753763
0.5625 0.08176976798043806 1.329778839911122
0.5380527086993437 0.9108938206950267 2.948955822499501
0.5505459171436794 0.4055983028152222 1.632120773376717
0.6300323653017317 0.3203223964829802 1.602153656704866
0.7543010841197804 0.3347663067169229 1.793107085730032
0.7535690707031788 0.4328963013880008 1.942664759831246
0.8155559673216048 0.5089729492203313 2.183238461909942
0.7872473344984913 0.0938756963090525 1.637383658389993
0.875 0 1.765625
1 0.25 2.125000000000001
1 0.375 2.28125
0.6789081208063099 0.5570213345045575 2.081461770683206
0.8026264482272892 0.2186773848387767 1.739848812673789
0.9226016390775537 0.1324491804612232 1.886279355238284
0.9065472122733669 0.4791872744888242 2.281068736144654
1 0.75 3.125
1 0.625 2.78125
0.5999154041882842 0.495687525283256 1.851310737625238
0.5627448100686521 0.6250949275745938 2.098169058218162
0.9019541706642584 0.230299888617727 1.919597403373327
0.7809826294537254 0.6289825695695526 2.401172013153041
0.8410656623878585 0.7789418405792536 2.920892230457836
0.6230063357691752 0.7391536677820162 2.480833183599701
0.6839678716997456 0.6582194412483098 2.334317715191931
0.7322279147719029 0.7579959590383804 2.685273467008191
0.7657232122979755 0.8771907461607777 3.125259248152088
1 0.875 3.53125
0.4702520773486856 0.6484781562303465 2.062184854466537
0.875 1 3.765625
0.8852871472701549 0.8852871472701548 3.351199999365131
0.3003109220462438 0.7124791640150276 2.105439768211331
0.3177101544649846 0.9054621562592332 2.74066317508542
0.4050729147215754 0.727835389182707 2.223572773734542
0.8516882778721668 0.3845605067238043 2.021146489328197
0.9221320480674828 0.3221947502790619 2.0579464282879
0.8927416918999361 0.590889127226663 2.495287649805712
0.9081076892542161 0.6962381588480232 2.794154722954789
0.6101607532622186 0.3416413730660407 1.605733800402372
0.5902891412227056 0.3629603496491012 1.611921701080196
0.5704175291831924 0.3842793262321617 1.620717358738314
0.5489098718929382 0.3728792945486821 1.579379984067718
0.547273826642197 0.3401602862821419 1.530926682054636
0.5456377813914558 0.3074412780156017 1.486760867337485
0.5655093934309688 0.2861223014325412 1.483532816812734
0.5870170507212231 0.2975223331160209 1.521628095243007
0.6085247080114774 0.3089223647995006 1.561168375207041
0.02083333333333333 0.640625 1.821234809027758
0.04166666666666666 0.65625 1.863064236111091
0.0625 0.671875 1.906738281249991
0.0625 0.703125 1.992675781250017
0.04166666666666666 0.71875 2.03493923611112
0.02083333333333333 0.734375 2.079047309027774
0 0.71875 2.033203125
0 0.6875 1.9453125
0 0.65625 1.861328125
0.234375 0.5280671296296297 1.612641427415509
0.21875 0.5561342592592593 1.666422191143653
0.203125 0.584201388888889 1.723842291184378
0.171875 0.584201388888889 1.712123541184373
0.15625 0.5561342592592593 1.642984691143646
0.140625 0.5280671296296297 1.577485177415525
0.15625 0.5 1.524414062499983
0.1875 0.5 1.535156249999966
0.21875 0.5 1.547851562499954
0.3493449537786029 0.9007535141955478 2.744755683401862
0.380979753092221 0.8960448721318626 2.750938398013835
0.4126145524058392 0.8913362300681772 2.759211318921369
0.4269370137895931 0.9149706910033688 2.856617944533976
0.4096246758597287 0.9433137940022459 2.947474202983059
0.3923123379298644 0.971656897001123 3.042143221471733
0.3606775386162462 0.9763655390648083 3.036667618608941
0.3463550772324923 0.9527310781296165 2.935354853992821
0.3320326158487384 0.9290966171944249 2.836686706151647
0.4476140258226832 0.2717797816013962 1.348086815487762
0.4797432625953604 0.2727606109839513 1.378950299814278
0.5118724993680375 0.2737414403665064 1.411882207957097
0.5209395015324301 0.2971138578290723 1.447931253284972
0.4978772669241457 0.319505445909083 1.452049232850945
0.4748150323158613 0.3418970339890938 1.459236478614149
0.4426857955431842 0.3409162046065386 1.428418430702319
0.4336187933787915 0.3175437871439727 1.389693371478724
0.4245517912143988 0.2941713696814069 1.353317812903799
0.08339720787528224 0.2942948091729681 1.180173963693686
0.05559813858352149 0.2795298727819787 1.159365052568961
0.02779906929176074 0.2647649363909894 1.14097373133773
0.02324253744685517 0.2397916858595872 1.115540320761722
0.04648507489371034 0.2295833717191744 1.107577911327752
0.0697276123405655 0.2193750575787616 1.101112771698077
0.09752668163232625 0.2341399939697509 1.119154527182498
0.1020832134772318 0.2591132445011531 1.144700329425637
0.1066397453221374 0.2840864950325553 1.172782308602109
0.375 0.5397452931811353 1.723274963022352
0.375 0.5742031272346679 1.800043462652098
0.375 0.6086609612882007 1.881561331592519
0.3529479059499314 0.6308423718499427 1.920496420556936
0.3308958118998628 0.6185659483581519 1.874739703269259
0.3088437178497942 0.6062895248663611 1.830558417980588
0.3088437178497942 0.5718316908128285 1.749367407290978
0.3308958118998628 0.5496502802510865 1.713722899493033
0.3529479059499314 0.5274688696893445 1.681019041297123
0.03125 0.5 1.500976562499983
0.0625 0.5 1.503906249999977
0.09375 0.5 1.508789062499982
0.09375 0.53125 1.573242187499994
0.0625 0.5625 1.636718749999992
0.03125 0.59375 1.706054687499991
0 0.59375 1.705078125
0 0.5625 1.6328125
0 0.53125 1.564453125
0.3309622607971986 0.4362294201248192 1.490128232036841
0.3456415071981324 0.4592487664590803 1.541286910486535
0.3603207535990662 0.4822681127933414 1.594996110708666
0.34375 0.5039655943457019 1.626126703068405
0.3125 0.5026437295638013 1.602957687739582
0.28125 0.5013218647819007 1.581748786716765
0.2665707535990662 0.4783025184476395 1.528606564981055
0.2831415071981324 0.456605036895279 1.497145432534676
0.2997122607971986 0.4349075553429186 1.468116602660843
0.4581870137895931 0.9149706910033688 2.8842780703958
0.4721246758597287 0.9433137940022459 3.002583537465474
0.4860623379298644 0.971656897001123 3.124490847333526
0.46875 1 3.2197265625
0.4375 1 3.19140625
0.40625 1 3.1650390625
0.7623105008738684 0.0978323327056497 1.600259630387808
0.7373736672492457 0.1017889691022469 1.564441913614385
0.7124368336246228 0.1057456054988441 1.529930508069704
0.703125 0.082276681421581 1.507923670236471
0.71875 0.05485112094772066 1.522618853438431
0.734375 0.02742556047386033 1.540810963359617
0.7593118336246228 0.02346892407726313 1.577656041477068
0.7686236672492457 0.04693784815452625 1.595188665034424
0.7779355008738684 0.07040677223178937 1.615097870672059
0.09829549655358438 0.7725537176270014 2.203340497881306
0.0933081088135007 0.7442024784180009 2.116381060937338
0.08832072107341701 0.7158512392090004 2.032686543125056
0.1133427714846474 0.701618748408942 1.997384320085669
0.1433522096359615 0.7157374968178841 2.045110184709762
0.1733616477872756 0.7298562452268262 2.095434538316712
0.1783490355273592 0.7582074844358266 2.181565557382523
0.1533269851161289 0.772439975235885 2.216836195049595
0.1283049347048985 0.7866724660359434 2.254169293907742
0.1614583333333333 0.631076388888889 1.822583610628831
0.1354166666666667 0.6498842592592593 1.863036774477009
0.109375 0.6686921296296297 1.906261219082211
0.09375 0.640625 1.829589843749977
0.1041666666666667 0.59375 1.715928819444405
0.1145833333333333 0.546875 1.611273871527756
0.2591979059499314 0.5235032753436426 1.615294913039828
0.2683958118998628 0.5470065506872852 1.670468644834953
0.2775937178497942 0.5705098260309278 1.728021195385327
0.2619687178497942 0.5985769556605575 1.785216352827556
0.2371458118998628 0.6031408099465445 1.783795809347552
0.2123229059499314 0.6077046642325316 1.783690934250935
0.3501504602240928 0.4009797108601947 1.444174801838164
0.3840179060519208 0.3887493479298313 1.4497218632002
0.4178853518797488 0.3765189849994679 1.458161259445668
0.4325645982806826 0.399538331333729 1.506373888095575
0.4133763988537884 0.4347880405983535 1.548961327624009
0.3941881994268942 0.470037749862978 1.59725530915989
0.07746216322025105 0.7881787176270014 2.248451768571066
0.05164144214683403 0.7754524784180009 2.205319931116236
0.02582072107341701 0.7627262392090004 2.16416934159253
0.1066413162164026 0.3958412279855453 1.324752925870558
0.07109421081093506 0.3888941519903636 1.307531709715428
0.03554710540546753 0.3819470759951818 1.293030734425237
0.02779906929176074 0.3585149363909894 1.257838707484343
0.05559813858352149 0.3420298727819787 1.237060020764444
0.08339720787528224 0.3255448091729681 1.218913939840301
0.1189443132807498 0.3324918851681499 1.235249457067148
0.1266923493944566 0.3559240247723423 1.269414774215349
0.1344403855081633 0.3793561643765347 1.305896416156503
0.5270441282842778 0.8683886647080208 2.785973259145697
0.5160355478692119 0.825883508721015 2.630459826619347
0.505026967454146 0.7833783527340091 2.48241552492042
0.5267637902793101 0.7726893152271578 2.471577646481825
0.5595091935195401 0.8045054337073123 2.607508523362057
0.59225459675977 0.8363215521874667 2.749632984689606
0.6032631771748359 0.8788267081744726 2.90859922693664
0.5815263543496718 0.889515745681324 2.920649424433214
0.5597895315245078 0.9002047831881753 2.934101622954157
0.1914677714846474 0.6451951372978311 1.869213437902809
0.1954355429692948 0.6781217560771434 1.957893283585978
0.1994033144539422 0.7110483748564558 2.050941264587215
0.02582072107341702 0.8564762392090004 2.46776980629594
0.05164144214683403 0.8379524784180009 2.406995550720742
0.07746216322025105 0.8194287176270014 2.348927233274402
0.1019023450523245 0.826238535794928 2.375724323992244
0.1005218058109809 0.8515721147538541 2.46045476669619
0.09914126656963726 0.8769056937127802 2.547756182068808
0.07332054549622023 0.8954294545037798 2.60896371837772
0.04888036366414682 0.8886196363358532 2.581679006115273
0.02444018183207342 0.8818098181679266 2.555774433322709
0.4211749322432098 0.8650599947817789 2.674045912693764
0.3981005127669621 0.8434924015590659 2.581442881241077
0.3750260932907145 0.821924808336353 2.491765351766394
0.365231984041244 0.7822267586309067 2.357151806003103
0.3785122942680211 0.7640963021481735 2.310957874825057
0.3917926044947982 0.7459658456654402 2.266431530735543
0.4148670239710459 0.7675334388881532 2.350329807201523
0.4246611332205165 0.8072314885935994 2.483582430422188
0.434455242469987 0.8469295382990456 2.623330643396519
0.1844610313725045 0.8562883396771721 2.500485313429152
0.1574016490128924 0.8378272120634487 2.428684153659989
0.1303422666532802 0.8193660844497253 2.359710667169264
0.2054084178869714 0.7766686120495501 2.248620884024761
0.2074457498353531 0.8093622304633319 2.353168179325885
0.2094830817837349 0.8420558488771137 2.461999266809892
0.2721081915346828 0.6874265026409003 2.01915326096643
0.2439054610231219 0.6623738412667731 1.936968085105872
0.2157027305115609 0.6373211798926459 1.858884240629636
0.2901714483613552 0.6236296170346847 1.862027267929738
0.2935512729229847 0.653246132694799 1.939633369596082
0.2969310974846142 0.6828626483549134 2.020770869689942
0.2405162329075589 0.7580705490052362 2.207189972830229
0.2776613798765282 0.7721661043747041 2.269576827365329
0.3148065268454975 0.7862616597441721 2.335517944511821
0.3168438587938793 0.8189552781579539 2.441765526100959
0.2817360437732918 0.8375533412022678 2.482366397079185
0.2466282287527042 0.8561514042465816 2.526815937204443
0.356327730511561 0.660458887510057 1.999381335713559
0.3376554610231219 0.6777989796783805 2.032834124064812
0.3189831915346828 0.6951390718467041 2.068186934897394
0.2446210197210697 0.4637111070667754 1.489895424923532
0.2392420394421394 0.4274222141335507 1.422616251706059
0.2338630591632091 0.3911333212003262 1.360662480347528
0.2504338127622753 0.3694358396479657 1.335682773807396
0.2723835466402718 0.3840272510288298 1.369146655545816
0.2943332805182683 0.398618662409694 1.404425756063211
0.40625 0.5039655943457019 1.673001703068389
0.4375 0.5026437295638013 1.696707687739578
0.46875 0.5013218647819007 1.72237378671678
0.4925630193371714 0.5371195390575867 1.819613126493411
0.4851260386743428 0.5742390781151733 1.894848311068975
0.4776890580115142 0.6113586171727599 1.975705553726682
0.4464390580115142 0.6126804819546605 1.95006257845457
0.4226260386743428 0.5768828076789745 1.84420031615669
0.3988130193371714 0.5410851334032886 1.744598067572914
0.2276060449655032 0.7361010362305831 2.135493982784299
0.2518410039924167 0.7282270788253979 2.124053247961031
0.2760759630193302 0.7203531214202128 2.114035176436704
0.3132211099882996 0.7344486767896807 2.176937181418519
0.3261312979303553 0.7564181895643338 2.250698578497307
0.339041485872411 0.7783877023389869 2.326723959447698
0 0.84375 2.423828125
0 0.8125 2.3203125
0 0.78125 2.220703125
0.07332054549622023 0.9266794545037798 2.722845525190705
0.04888036366414682 0.9511196363358532 2.811646415199244
0.02444018183207342 0.9755598181679266 2.904031240135673
0 0.96875 2.876953125
0 0.9375 2.7578125
0 0.90625 2.642578125
0.03518770455250195 0.1236421723073693 1.031812948097439
0.07037540910500389 0.1222843446147387 1.034859620082397
0.1055631136575058 0.1209265169221081 1.040390015954876
0.128805651104361 0.1419682027816953 1.056900836958532
0.1168604839987142 0.1643677163339131 1.067689865066045
0.1049153168930674 0.186767229886131 1.080771220037427
0.0697276123405655 0.1881250575787616 1.075644014500724
0.04648507489371034 0.1670833717191744 1.057994568397958
0.02324253744685517 0.1460416858595872 1.043196563564387
0.1262006489292494 0.8953668213265036 2.619290093254821
0.1546405705302052 0.8884943699813009 2.60275819703083
0.1830804921311609 0.8816219186360983 2.588032881438148
0.1898903102990875 0.9060621004681717 2.677955389755074
0.1682602068660583 0.9373747336454478 2.785654279768368
0.1466301034330292 0.9686873668227238 2.898210816516682
0.1181901818320734 0.9755598181679266 2.917402836729195
0.1113803636641468 0.9511196363358532 2.821662710657275
0.1045705454962202 0.9266794545037798 2.728404621784236
0.4638145982806826 0.3982164665518284 1.532276690044271
0.4758763988537884 0.4321443110345523 1.599955758105051
0.4879381994268942 0.4660721555172761 1.672530194756963
0.2911627192817676 0.8977839840171488 2.696807893014962
0.2646152840985506 0.8901058117750644 2.654597960890056
0.2380678489153337 0.88242763953298 2.61403337871067
0.3433912939770962 0.8266334504000383 2.484563303419799
0.3348309141397257 0.8529096856864367 2.567021604939092
0.3262705343023552 0.8791859209728349 2.65238822882763
0.1292971054054675 0.4756970759951818 1.469293157686938
0.1335942108109351 0.4513941519903636 1.425360774064366
0.1378913162164026 0.4270912279855453 1.383827849132265
0.1691413162164026 0.4270912279855453 1.393422618895792
0.1960942108109351 0.4513941519903636 1.445966300415741
0.2230471054054675 0.4756970759951818 1.50232542745046
0.2211403102990875 0.9060621004681717 2.690800096648748
0.2307602068660583 0.9373747336454478 2.810593055626578
0.2403801034330292 0.9686873668227238 2.934493023410339
0.21875 1 3.0478515625
0.1875 1 3.03515625
0.15625 1 3.0244140625
0.3174368261207476 0.3859329900193695 1.398654684148165
0.3185906378452303 0.3586559062481811 1.358768112696009
0.3197444495697132 0.3313788224769926 1.321860361003084
0.3536118953975412 0.3191484595466292 1.328752851028578
0.3863255295008864 0.3341951803874543 1.372620251932517
0.4190391636042316 0.3492419012282794 1.419533631781186
0.03125 0 1.0009765625
0.0625 0 1.00390625
0.09375 0 1.0087890625
0.09375 0.03125 1.010742187499997
0.0625 0.0625 1.011718749999996
0.03125 0.09375 1.018554687499994
0 0.09375 1.017578125
0 0.0625 1.0078125
0 0.03125 1.001953125
0.2515876244867581 0.3421587558767772 1.297441561241141
0.2746911700892374 0.3294730834864528 1.292560264409106
0.2977947156917167 0.3167874110961284 1.289390220351858
0.3445448932331485 0.2957760420840633 1.293678117594827
0.3681915251721011 0.2874503454623225 1.300820401421338
0.3918381571110536 0.2791246488405817 1.309358280548908
0.4801428446320286 0.1807018638173223 1.295843478425413
0.5028977064252739 0.1817080638910123 1.318941744093809
0.5256525682185192 0.1827142639647023 1.343079626987024
0.5473060065440021 0.2064709154660596 1.38480434266591
0.5462045830762395 0.2292213668937269 1.403424316654718
0.545103159608477 0.2519718183213943 1.424117049071488
0.5223482978152317 0.2509656182477043 1.398815227315337
0.5006948594897489 0.227208966746347 1.353943171459307
0.4790414211642661 0.2034523152449897 1.312266372348136
0.3116366947548015 0.1571102557722338 1.146484694455308
0.2944023537615283 0.1384481653310559 1.125008534867383
0.277168012768255 0.1197860748898779 1.105519514776935
0.3043252538312363 0.09586281855257281 1.110993220081113
0.3487168358874909 0.09060165265644565 1.138020750559524
0.3931084179437455 0.08534048676031848 1.169100225619198
0.4103427589370187 0.1040025772014964 1.190014251941125
0.3831855178740374 0.1279258335388015 1.179561178881563
0.3560282768110561 0.1518490898761066 1.172872426081428
0.1341428015968348 0.2875133162377085 1.183322105248231
0.1570893260266267 0.2659668869114595 1.166153826218217
0.1800358504564185 0.2444204575852105 1.151895627621861
0.2093578008857275 0.2558666282609965 1.174766151706987
0.2157332268852446 0.2888592282630316 1.21342013268773
0.2221086528847617 0.3218518282650665 1.256509452401394
0.1991621284549698 0.3433982575913155 1.275510280044191
0.1698401780256609 0.3319520869155295 1.249230062086913
0.1405182275963519 0.3205059162397434 1.225193456976149
0.3938313507245233 0.2470423007174837 1.277162929501034
0.3721779123990405 0.2232856492161264 1.238229360769405
0.3505244740735576 0.199528997714769 1.202491048782633
0.361000272520752 0.1767531755959669 1.192804566926545
0.393129509293429 0.177734004978522 1.217729564128671
0.4252587460661061 0.1787148343610772 1.244722985147102
0.446912184391589 0.2024714858624345 1.281719905732309
0.4364363859443947 0.2252473079812367 1.291949418481749
0.4259605874972004 0.2480231301000388 1.304473368230156
0.2301379583837383 0.1057351606438943 1.075323328281797
0.2003422449924948 0.1103463368390887 1.064489643236228
0.1705465316012513 0.1149575130342831 1.055516579047256
0.1680631136575058 0.08967651692210807 1.044328965546802
0.1953754091050039 0.05978434461473871 1.045319886204967
0.2226877045525019 0.02989217230736935 1.05137689768937
0.2524834179437455 0.025280996112175 1.065026133865402
0.2549668358874909 0.05056199222434999 1.070121117517865
0.2574502538312363 0.07584298833652499 1.077784950957385
0.4815761282091744 0.7773117945613754 2.440342819189382
0.4691338693792688 0.8137503923757475 2.544465989582132
0.4566916105493631 0.8501889901901196 2.654209865227178
0.4273092828009516 0.731094841073781 2.251592556457272
0.4495456508803278 0.7343542929648551 2.280643747417238
0.471782018959704 0.7376137448559292 2.310726346614451
0.3007826158487384 0.9290966171944249 2.816911230161073
0.2838550772324923 0.9527310781296165 2.89596671933872
0.2669275386162462 0.9763655390648083 2.977829642618357
0.515686202517163 0.5312737318936485 1.830435815866958
0.531372405034326 0.5625474637872969 1.915275930858964
0.5470586075514891 0.5938211956809454 2.004520344976038
0.5396216268886604 0.6309407347385321 2.087363921710746
0.5164984437086688 0.6367865419024702 2.077764842249663
0.4933752605286772 0.6426323490664083 2.069371819834921
0.09375 1 3.0087890625
0.0625 1 3.00390625
0.03125 1 3.0009765625
0.2324613464882068 0.2431809558706721 1.172312232207435
0.2619403180902031 0.2634878834823828 1.207464459725224
0.2914192896921995 0.2837948110940934 1.246004192012536
0.5589768575029411 0.1072574419949266 1.335463444950435
0.5554537150058823 0.1327451160094151 1.343771361162523
0.5519305725088234 0.1582327900239037 1.354702588547399
0.4836659871290875 0.1552141898028338 1.282115676537834
0.5099439914193916 0.1307327158620352 1.294224960378046
0.5362219957096959 0.1062512419212366 1.310112681502478
0.6245015839422938 0.83589166994622 2.78743199611739
0.6240031678845877 0.8036456692248187 2.681072676857613
0.6235047518268814 0.7713996685034175 2.578873072685052
0.6503117305198571 0.7438642405961072 2.529573363726953
0.677617125270539 0.7485748134101983 2.579893471004128
0.7049225200212209 0.7532853862242893 2.631793505431212
0.7054209360789272 0.7855313869456906 2.731737816812079
0.6786139573859514 0.8130668148530008 2.782672193989387
0.6518069786929757 0.840602242760311 2.838076598540168
0.65625 0 1.4306640625
0.6875 0 1.47265625
0.71875 0 1.5166015625
0.671875 0.082276681421581 1.464954920236486
0.65625 0.05485112094772066 1.436681353438432
0.640625 0.02742556047386033 1.411904713359604
0.7130700824351337 0.545009238183501 2.102539081874747
0.7472320440639574 0.5329971418624444 2.126527634143044
0.7813940056927811 0.5209850455413878 2.153427427488105
0.806912632854635 0.5389753543076367 2.232096862162483
0.7982692983876651 0.5689777593949419 2.284705254120514
0.7896259639206953 0.5989801644822472 2.341063637784019
0.7554640022918715 0.6109922608033038 2.317348944281881
0.7299453751300177 0.5930019520370551 2.236122880913186
0.7044267479681638 0.5750116432708062 2.157493823046974
0.65625 0.9011032530007159 3.054638207636952
0.6875 0.9340688353338107 3.21762542828371
0.71875 0.9670344176669053 3.386912692404732
0.71875 1 3.5166015625
0.6875 1 3.47265625
0.65625 1 3.4306640625
0.625 0.9670344176669053 3.260936129904747
0.625 0.9340688353338107 3.135594178283728
0.625 0.9011032530007159 3.01459914513695
0.3228914549076657 0.272019390582706 1.252247989358328
0.3248846485211354 0.2399370424596079 1.220689603533192
0.3268778421346051 0.2078546943365098 1.193256271593989
0.2344545401016765 0.2110986077475741 1.144094175760186
0.2659267053171426 0.1993231872361866 1.150176478540786
0.2973988705326087 0.1875477667247992 1.158794417800966
0.390625 0.02001983021604783 1.153389477828756
0.40625 0.04003966043209566 1.168245411315029
0.421875 0.06005949064814348 1.18519280045882
0.2887002538312363 0.07584298833652499 1.094852154321839
0.3174668358874909 0.05056199222434999 1.105898222003796
0.3462334179437455 0.02528099611217499 1.121155837229849
0.453125 0.06005949064814348 1.212536550458811
0.46875 0.04003966043209566 1.222932911315025
0.484375 0.02001983021604783 1.235420727828755
0.515625 0.02044244199510951 1.266704927494449
0.53125 0.04088488399021903 1.285569709977784
0.546875 0.06132732598532854 1.30659434745001
0.53125 0.08134715620137636 1.29546128214409
0.5 0.08092454442231468 1.263097563779908
0.46875 0.080501932643253 1.232687684818584
0.5808118490564852 0.1966911549911526 1.4147172249079
0.6132162681012059 0.209661845943913 1.463950370753162
0.6456206871459267 0.2226325368966734 1.515956564640859
0.6445192636781641 0.2453829883243407 1.535830703170203
0.611013421165681 0.2551627487992477 1.50355345759414
0.5775075786531978 0.2649425092741546 1.473904069842805
0.6660269209684184 0.2567830200078204 1.575466898183327
0.6540287357461896 0.277962812166207 1.582280237076418
0.6420305505239606 0.2991426043245936 1.59117582325026
0.6032631771748359 0.9777234551737567 3.275812770528891
0.5815263543496718 0.9554469103475134 3.163930497788451
0.5597895315245078 0.93317036552127 3.054978181778642
0.2172201991084032 0.1924365173063961 1.121248241286693
0.2314580233305961 0.1619990063538307 1.106060172683344
0.2456958475527889 0.1315614954012654 1.094983303649101
0.40625 0 1.1650390625
0.4375 0 1.19140625
0.46875 0 1.2197265625
0.59375 0.08875288645918887 1.368293212209662
0.625 0.09573600493793968 1.408955765282941
0.65625 0.1027191234166905 1.451766499130971
0.6527268575029411 0.128206797431179 1.45892631632077
0.6179537150058823 0.1467113529669168 1.424915236068315
0.5831805725088234 0.1652159085026545 1.394692172996407
0.1874244857171597 0.1970476935015905 1.112783524874903
0.1718665965481091 0.1712213587442195 1.088171634389438
0.1563087073790584 0.1453950239868484 1.066711838002767
0.28125 0 1.0791015625
0.3125 0 1.09765625
0.34375 0 1.1181640625
0.4524159871290875 0.1547915780237721 1.252601090664134
0.4474439914193916 0.1298874923039118 1.233947646771293
0.4424719957096958 0.1049834065840516 1.217824498303286
0.59375 1 3.3525390625
0.5625 1 3.31640625
0.53125 1 3.2822265625
0.5095131771748359 0.9777234551737567 3.17148998730858
0.5190263543496718 0.9554469103475134 3.095145953494696
0.5285395315245078 0.93317036552127 3.020967898558344
0.1637623359374723 0.3908023350523208 1.332271032836347
0.1853362502530745 0.3788163661239143 1.321353204144484
0.2069101645686766 0.3668303971955079 1.311940896815028
0.6813778708222131 0.4185671880256139 1.814672784629536
0.7054416041158683 0.4233435591464095 1.856087394959046
0.7295053374095235 0.4281199302672052 1.89875138669295
0.7349038332289616 0.46392755966714 1.970541205332031
0.7162385957547444 0.4949588179462792 2.002966188974278
0.6975733582805271 0.5259900762254184 2.039939710757988
0.6735096249868719 0.5212137051046226 1.996942667727726
0.6681111291674339 0.4854060757046879 1.917610597579417
0.6627126333479958 0.449598446304753 1.843465560238313
0.790545107200412 0.2476996153083133 1.747671765366273
0.7784637661735347 0.2767218457778498 1.759155795106466
0.7663824251466576 0.3057440762473863 1.774300901894382
0.7352320896374971 0.3099755370000506 1.732735892709622
0.7161630951552138 0.2851847672831783 1.67555028184298
0.6970941006729306 0.2603939975663061 1.621550253130098
0.7091754416998078 0.2313717670967695 1.609995596329071
0.7403257772089683 0.2271403063441053 1.651267693932238
0.7714761127181288 0.222908845591441 1.694552099380472
0.5379094378577596 0.4291987271114167 1.657769658044535
0.5252729585718396 0.4527991514076111 1.685965824037692
0.5126364792859198 0.4763995757038055 1.716709271356176
0.4764510775666024 0.3746160422556339 1.507679987544877
0.5011493574256281 0.3849434624421634 1.547513617001991
0.5258476372846538 0.3952708826286928 1.588993878945939
0.15625 0 1.0244140625
0.1875 0 1.03515625
0.21875 0 1.0478515625
0.1368131136575058 0.08967651692210807 1.034801583443213
0.1328754091050039 0.05978434461473871 1.024804210066846
0.1289377045525019 0.02989217230736935 1.018412015585776
0.5628882889048306 0.4281206084322307 1.683417736514953
0.5752306606659818 0.4506429140492391 1.737048384935792
0.587573032427133 0.4731652196662476 1.793012718639212
0.5749365531412132 0.496765643962442 1.824104250180699
0.5499577020941421 0.497843762641628 1.798150298094989
0.524978851047071 0.498921881320814 1.773448881368092
0 0.46875 1.439453125
0 0.4375 1.3828125
0 0.40625 1.330078125
0.1066413162164026 0.4270912279855453 1.376186204368737
0.07109421081093506 0.4513941519903636 1.412567747713011
0.03554710540546753 0.4756970759951818 1.453839012923438
0 0.34375 1.236328125
0 0.3125 1.1953125
0 0.28125 1.158203125
0.1204732060621181 0.212593564643502 1.104905840834528
0.1479762623368155 0.2160203858486552 1.115226588419552
0.1754793186115129 0.2194472070538083 1.127107144627763
0 0.21875 1.095703125
0 0.1875 1.0703125
0 0.15625 1.048828125
0.7300543474719747 0.3545224342638967 1.784351663055499
0.7058076108241691 0.3742785618108705 1.778333267159726
0.6815608741763635 0.3940346893578444 1.775051898042695
0.6504936944718513 0.3904237117993588 1.72800339601798
0.6436732514151448 0.3670566066938992 1.683776359622589
0.6368528083584382 0.3436895015884397 1.641826446518219
0.6610995450062438 0.3239333740414659 1.646918270043213
0.692166724710756 0.3275443515999515 1.693665379326852
0.7232339044152682 0.3311553291584372 1.742394984555782
0.75411808076563 0.3592988053846924 1.826885342839364
0.7539350774114796 0.3838313040524619 1.863071040892674
0.7537520740573291 0.4083638027202313 1.901664179889968
0.9419512293081652 0.09933688534591738 1.907007751975618
0.9613008195387769 0.06622459023061159 1.93287065834834
0.9806504097693884 0.03311229511530579 1.963868074356465
1 0.0625 2.0078125
1 0.125 2.03125
1 0.1875 2.0703125
0.9806504097693884 0.2206122951153058 2.059014795692963
0.9613008195387769 0.1912245902306116 1.997232953463673
0.9419512293081652 0.1618368853459174 1.93965447331212
0.6851312765476618 0.1411774883839395 1.509267032556626
0.6827625530953236 0.1726527348724375 1.5257826376271
0.6803938296429856 0.2041279813609357 1.546272228965204
0.53125 0 1.2822265625
0.5625 0 1.31640625
0.59375 0 1.3525390625
0.609375 0.02044244199510951 1.372173677494455
0.59375 0.04088488399021903 1.355882209977786
0.578125 0.06132732598532854 1.341750597450004
0.4677001909644291 0.8926941461771255 2.812549145865954
0.4911510302094006 0.8987607043497592 2.856770941842306
0.5146018694543721 0.904827262522393 2.902239834053502
0.577237972239899 0.4076464313376212 1.665554902560197
0.6039300273361186 0.4096945598600202 1.700430742675971
0.6306220824323382 0.4117426883824192 1.736748293724039
0.6429644541934894 0.4342649939994277 1.790575459382947
0.628614770858421 0.4547391710940372 1.808731957595946
0.6142650875233526 0.4752133481886466 1.82897705034338
0.8887630629327881 0.1228058094231805 1.820062315689818
0.8549244867880225 0.1131624383851378 1.756507353032298
0.8210859106432569 0.1035190673470952 1.695614467265685
0.8091855008738684 0.07040677223178937 1.664695401976681
0.8311236672492457 0.04693784815452625 1.695172873440589
0.8530618336246228 0.02346892407726313 1.728816072781698
0.8869004097693884 0.03311229511530579 1.788785185024713
0.8988008195387769 0.06622459023061159 1.816614305905988
0.9107012293081652 0.09933688534591738 1.849112362643841
0.778647882557877 0.3472148567186432 1.847408838464148
0.8029946809959736 0.3596634067203636 1.903515989975199
0.8273414794340702 0.3721119567220839 1.961428540263206
0.8271584760799198 0.3966444553898534 1.998844792533869
0.8026286742876728 0.4087284040559025 1.978330605352937
0.7780988724954259 0.4208123527219517 1.959603927785395
0.8245890449592453 0.4778698385961996 2.136666258346714
0.8336221225968858 0.4467667279720678 2.094126861728664
0.8426552002345263 0.415663617347936 2.055620272055819
0.8654030114724669 0.4082171986650592 2.08220493483751
0.8791177450727669 0.4318738906063142 2.14587812447669
0.8928324786730668 0.4555305825475692 2.212166058245744
0.8837994010354264 0.486633693171701 2.254726083930437
0.8610515897974859 0.4940801118545778 2.229640154153243
0.8383037785595453 0.5015265305374546 2.20581094681308
0.7910921129306907 0.1250761184414836 1.65711480194992
0.7949368913628903 0.1562765405739146 1.680769375517178
0.7987816697950898 0.1874769627063457 1.708347379091797
0.773844836170467 0.1914335991029429 1.672129476198691
0.7450632241136446 0.164189813367109 1.609035797553654
0.7162816120568223 0.1369460276312752 1.55056777673868
0.8807992467908938 0.7717063804344402 2.96686878835383
0.9205328311939293 0.7644709202896268 3.01621226924282
0.9602664155969647 0.7572354601448135 3.068922673124866
0.9713217868175388 0.7838217868175387 3.172219200526104
0.9426435736350774 0.8176435736350773 3.225658933928993
0.9139653604526161 0.8514653604526161 3.28531920020866
0.8742317760495808 0.8587008205974295 3.23901539684418
0.8631764048290067 0.8321144939247043 3.129902567852658
0.8521210336084326 0.805528167251979 3.023861512390557
0.5111999927964731 0.7119286294539009 2.27501017950733
0.5283815985538661 0.6829840621607985 2.21212157202166
0.545563204311259 0.6540394948676962 2.153174531591935
0.5778101914937829 0.6536096126264495 2.188275668829483
0.5928755729189137 0.6821242976783051 2.282088559930185
0.6079409543440444 0.7106389827301606 2.379607731520261
0.5907593485866515 0.7395835500232629 2.442964262872524
0.5585123614041276 0.7400134322645098 2.407175817705006
0.5262653742216039 0.7404433145057565 2.37346784809715
0.8274583788365315 0.2215830107835143 1.782885430042549
0.8522903094457739 0.2244886367282519 1.827189067615383
0.8771222400550162 0.2273942626729895 1.87275972539231
0.9069986400150645 0.2532736040330608 1.950941569988978
0.9120431093658706 0.2762473194483944 1.984447796346609
0.9170875787166768 0.2992210348637281 2.020116082446247
0.8922556481074344 0.2963154089189906 1.971725784705275
0.862379248147386 0.2704360675589193 1.889969300908715
0.8325028481873377 0.244556726198848 1.812676976898218
0.8394228204609474 0.3430897262525474 1.94005179203069
0.827157363049728 0.3016189457812905 1.8661372801558
0.8148919056385087 0.2601481653100336 1.799402953703493
0.9045211055186538 0.3377861893902475 2.046357449814247
0.8869101629698248 0.3533776285014331 2.036361133829739
0.8692992204209958 0.3689690676126187 2.027957480334389
0.7690657948577853 0.4519154633460835 1.999917368842827
0.7845625190123918 0.4709346253041661 2.059097188859807
0.8000592431669984 0.4899537872622487 2.12020421988218
0.78125 0 1.6103515625
0.8125 0 1.66015625
0.84375 0 1.7119140625
0.9195562689249521 0.5681668454199973 2.491210860188169
0.946370845949968 0.5454445636133315 2.49063732201471
0.973185422974984 0.5227222818066657 2.493567035285318
1 0.53125 2.564453125
1 0.5625 2.6328125
1 0.59375 2.705078124999999
0.973185422974984 0.6164722818066657 2.707166015962816
0.946370845949968 0.6079445636133315 2.63481096291805
0.9195562689249521 0.5994168454199973 2.564184840865689
1 0.40625 2.330078125
1 0.4375 2.3828125
1 0.46875 2.439453125
0.9766368030683417 0.494796818622206 2.443467228544843
0.9532736061366834 0.4895936372444121 2.38813442741723
0.9299104092050252 0.4843904558666182 2.334001596617176
0.9299104092050252 0.4531404558666182 2.275405914633879
0.9532736061366834 0.4270936372444121 2.273548518106158
0.9766368030683417 0.401046818622206 2.27549654656153
0.5906227556583761 0.5280393758560905 1.906486404410438
0.5813301071284681 0.5603912264289249 1.966021346771001
0.5720374585985601 0.5927430770017594 2.029915564706903
0.8926078413649876 0.1540062315556116 1.844184597182172
0.8626140436524214 0.17556328265 1.805747920736069
0.8326202459398553 0.1971203337443884 1.770969325899945
1 0.28125 2.158203125
1 0.3125 2.1953125
1 0.34375 2.236328125
0.9805330120168707 0.3617986875697655 2.223241568309272
0.9610660240337414 0.3485973751395309 2.166688162460346
0.9415990360506121 0.3353960627092964 2.111589782453222
0.9415990360506121 0.3041460627092964 2.071618399614585
0.9610660240337414 0.2860973751395309 2.08735131867549
0.9805330120168707 0.2680486875697655 2.105145185470623
0.90625 0 1.8212890625
0.9375 0 1.87890625
0.96875 0 1.9384765625
0.9071160377675822 0.2058372115786011 1.907597421316063
0.912277904870906 0.1813745345394751 1.898044419274477
0.9174397719742299 0.1569118575003491 1.890938397248551
0.9754885426660647 0.2450749721544317 2.07170138082575
0.9509770853321292 0.2401499443088635 2.019701408329897
0.9264656279981938 0.2352249164632953 1.969000082512428
0.857826169104448 0.758265920146446 2.885800147711413
0.8745866758210373 0.7375899997136384 2.852979868878776
0.8913471825376267 0.7169140792808308 2.822431393959913
0.9310807669406621 0.7096786191360174 2.874198879484387
0.9540538446271081 0.7231190794240117 2.956021144501796
0.977026922313554 0.7365595397120058 3.039621518006998
0.8734452607553533 0.5704100827250801 2.413641948484847
0.8541488296107704 0.5499310382234972 2.334418516728614
0.8348523984661876 0.5294519937219142 2.257617354536974
0.9030958321800092 0.5071127376732839 2.329908739521874
0.8996444520866516 0.5350382008577436 2.381891892924462
0.8961930719932938 0.5629636640422033 2.437018196352412
1 0.65625 2.861328125
1 0.6875 2.9453125
1 0.71875 3.033203125
0.9310807669406621 0.6784286191360174 2.787442177092417
0.9540538446271081 0.6606190794240117 2.783053874645812
0.977026922313554 0.6428095397120058 2.780989815615005
0.6591599416518035 0.5416878821992321 2.021343352121386
0.639411762497297 0.5263544298939068 1.962945373757767
0.6196635833427906 0.5110209775885814 1.906267835592374
0.6498672931218954 0.5740397327720665 2.08137072827162
0.620826465437481 0.5910581310395757 2.084124928723563
0.5917856377530666 0.6080765293070848 2.089724372039078
0.7567289400152305 0.6362917874892419 2.382373166309052
0.7324752505767356 0.6436010054089312 2.364964501034195
0.7082215611382405 0.6509102233286205 2.348946017328483
0.6827029339763867 0.6329199145623717 2.267258532559226
0.6814379962530277 0.6076203878764337 2.20276281426354
0.6801730585296688 0.5823208611904955 2.14083056030487
0.4880768096164815 0.7177744366178391 2.268619255809506
0.4821352321938829 0.6946756764886749 2.197602973132626
0.4761936547712842 0.6715769163595107 2.128791506018301
0.8089223950652781 0.6194592089838302 2.421814864427869
0.8368621606768307 0.6099358483981078 2.444381754294904
0.8648019262883835 0.6004124878123853 2.468872682754176
0.8965831912385062 0.617226385132003 2.565798239817648
0.9004246905770761 0.643563643037343 2.639112948679789
0.9042661899156461 0.6699009009426832 2.715231776392161
0.8763264243040935 0.6794242615284055 2.69118265624039
0.8445451593539708 0.6626103642087879 2.591361515701987
0.8127638944038481 0.6457964668891703 2.494691301339562
0.7845588248204463 0.8526285197653967 3.069483335038246
0.8033944373429169 0.8280662933700157 3.016830194384625
0.8222300498653877 0.8035040669746347 2.96729982619116
0.85539616352711 0.8832630469928106 3.292009816942887
0.8255051797840651 0.8812389467154662 3.234622964266647
0.7956141960410203 0.879214846438122 3.179039441336391
0.7305424092234816 0.8749274772874887 3.064688392699307
0.6953616061489878 0.8726642084141996 3.00661340460045
0.6601808030744939 0.8704009395409104 2.951034283855491
0.740601739153421 0.7877946558189797 2.789731775510926
0.7489755635349391 0.8175933525995791 2.897882175202479
0.7573493879164573 0.8473920493801784 3.00972466608286
0.6536621062919722 0.6499383128298808 2.272113770170343
0.6233563408841989 0.6416571844114518 2.212021012334199
0.5930505754764255 0.6333760559930228 2.154039441683475
0.7687939507832697 0.6612359169367595 2.465510014455324
0.7566052721128141 0.6934892643039665 2.534306257198603
0.7444165934423586 0.7257426116711734 2.607560741382881
0.7201629040038635 0.7330518295908627 2.59336457803629
0.7080978932358242 0.7081077001433451 2.504235656409614
0.6960328824677849 0.6831635706958274 2.417886702128161
0.7960033876872588 0.6664723873219778 2.521992279334893
0.811024145920792 0.7039622050744031 2.64888573761296
0.8260449041543252 0.7414520228268284 2.781852387987279
0.8138562254838696 0.7737053701940353 2.859601955492955
0.7866467885798807 0.7684688998088169 2.799902069929727
0.7594373516758918 0.7632324294235987 2.74179257376815
0.668727487717103 0.6784529978817364 2.367793393497862
0.6534871037344604 0.698686554515163 2.403371197667799
0.6382467197518178 0.7189201111485896 2.441051127701732
1 0.78125 3.220703125000001
1 0.8125 3.3203125
1 0.84375 3.423828125
0.9713217868175388 0.8775717868175387 3.483730495582685
0.9426435736350774 0.8801435736350773 3.437882327337722
0.9139653604526161 0.8827153604526161 3.393705495265192
0.7617924092234816 0.9078930596205833 3.228867290164973
0.7578616061489878 0.9385953730803889 3.336276762810567
0.7539308030744939 0.9692976865401944 3.447487666088904
0.9713217868175388 0.9713217868175387 3.830398040639238
0.9426435736350774 0.9426435736350773 3.665730720746522
0.9139653604526161 0.9139653604526161 3.505998040321817
1 0.90625 3.642578125
1 0.9375 3.757812500000001
1 0.96875 3.876953125
0.7930424092234816 0.9078930596205833 3.27745587824142
0.8203616061489878 0.9385953730803889 3.434915713579142
0.8476808030744939 0.9692976865401944 3.59763875416533
0.84375 1 3.7119140625
0.8125 1 3.66015625
0.78125 1 3.6103515625
0.4213677053783529 0.7079960809446169 2.180067644401694
0.4376624960351305 0.6881567727065268 2.138667948079415
0.453957286691908 0.6683174644684367 2.099373684767693
0.4464390580115142 0.6471383160081933 2.036883832610019
0.4226260386743428 0.64579847578604 2.012724111220695
0.3988130193371714 0.6444586355638867 1.989705690298561
0.8827153604526161 0.9139653604526161 3.449851767793533
0.8801435736350774 0.9426435736350773 3.551806524042105
0.8775717868175388 0.9713217868175387 3.657064268110912
0.96875 1 3.9384765625
0.9375 1 3.87890625
0.90625 1 3.8212890625
0.3788824165527425 0.7239963328907871 2.191893265651454
0.3526919183839096 0.7201572765988673 2.161644595369909
0.3265014202150767 0.7163182203069475 2.13282676288987
0.3825182286803939 0.6642979438019768 2.028903711551841
0.3900364573607877 0.6854770922622202 2.091886126103069
0.3975546860411815 0.7066562407224636 2.156775813497299
0.34375 1 3.1181640625
0.3125 1 3.09765625
0.28125 1 3.0791015625
0.8887662084041251 0.3821703800428532 2.082013771965244
0.9258441389360834 0.3797802533619021 2.145653451289555
0.9629220694680417 0.3773901266809511 2.212065527301132
0.5886530959719644 0.3302413413825611 1.56463115451364
0.5671454386817101 0.3188413096990814 1.524973510158669
0.5687814839324513 0.3515603179656215 1.570701690800532
0.02083333333333333 0.671875 1.90326605902777
0.02083333333333333 0.703125 1.989203559027787
0.04166666666666666 0.6875 1.947048611111112
0.203125 0.5280671296296297 1.598969552415505
0.171875 0.5280671296296297 1.587250802415509
0.1875 0.5561342592592593 1.653726878643646
0.3636674151623567 0.9243879751307396 2.841240245983528
0.3779898765461105 0.9480224360659313 2.940369425340169
0.3953022144759749 0.9196793330670543 2.847883992110965
0.4566810279870759 0.2951521990639621 1.382787202547881
0.4657480301514686 0.3185246165265279 1.419837090256684
0.488810264759753 0.2961330284465172 1.414325016008272
0.07884067603037666 0.2693215586415659 1.151284056095154
0.07428414418547108 0.2443483081101638 1.124930325429947
0.05104160673861591 0.2545566222505766 1.132203393481693
0.3529479059499314 0.5619267037428772 1.756095465073067
0.3308958118998628 0.5841081143046192 1.791856616725822
0.3529479059499314 0.5963845377964099 1.835921258159672
0.03125 0.53125 1.565429687499989
0.03125 0.5625 1.633789062500002
0.0625 0.53125 1.568359374999986
0.3143915071981324 0.4579269016771796 1.518236114357598
0.2978207535990662 0.4796243832295402 1.548776299250915
0.3290707535990662 0.4809462480114408 1.570906147826785
0.4408746758597287 0.9433137940022458 2.974052307724252
0.4235623379298644 0.9716568970011229 3.067639305092334
0.4548123379298644 0.971656897001123 3.095088513712927
0.7529986672492456 0.07436340862838657 1.578066825964796
0.7436868336246227 0.05089448455112345 1.55825060362206
0.7280618336246228 0.07832004502498378 1.542342092486268
0.1233175469648148 0.758321226826943 2.165309383502051
0.1483395973760452 0.7440887360268846 2.129340730313846
0.1183301592247311 0.7299699876179425 2.079714392228023
0.1458333333333333 0.6030092592592593 1.748507694615876
0.1302083333333333 0.5749421296296297 1.678071114915509
0.1197916666666667 0.6218171296296297 1.787663128804413
0.2279479059499314 0.5796375346029019 1.723919590867991
0.2527708118998628 0.5750736803169149 1.725312558934977
0.2435729059499314 0.5515704049732723 1.667787583797621
0.3648297066250266 0.4239990571944558 1.492651115839647
0.3795089530259604 0.4470184035287169 1.543677951613564
0.3986971524528546 0.4117686942640924 1.49806633452589
0.06748738774008368 0.7314762392090004 2.074669524558659
0.04665405440675035 0.7471012392090004 2.118497124047826
0.07247477548016737 0.7598274784180009 2.159928186999008
0.0988932801026958 0.3724090883813529 1.287156939067511
0.09114524398898902 0.3489769487771605 1.25187727705742
0.06334617469722828 0.3654620123861712 1.271137702843456
0.08333333333333333 0.578125 1.675401475694415
0.05208333333333333 0.609375 1.745388454861087
0.07291666666666666 0.625 1.78656684027775
0.5487809511094419 0.8576996272011694 2.772457833302647
0.5705177739346059 0.8470105896943181 2.760344408483946
0.537772370694376 0.8151944712141637 2.618283174478528
0.1393844381513141 0.6828108780385718 1.951889411934364
0.1693938763026281 0.6969296264475138 2.000116093769373
0.1654261048179807 0.6640030076682013 1.909165784540073
0.05026090290549043 0.863286057376927 2.493051792083684
0.07470108473756384 0.8700958755448536 2.519713917341312
0.07608162397890744 0.8447622965859275 2.433035088973527
0.4113808229937393 0.8253619450763326 2.531678862287369
0.4015867137442688 0.7856638953708864 2.395807401634606
0.3883064035174916 0.8037943518536197 2.442952583156232
0.1824236994241228 0.8235947212633903 2.389894935897406
0.180386367475741 0.7909011028496085 2.283588350548512
0.1553643170645106 0.8051335936496669 2.320618278263356
0.2687283669730532 0.6578099869807861 1.93764289315929
0.2653485424114237 0.6281934713206717 1.859663923779655
0.2405256364614923 0.6327573256066588 1.858616248012957
0.2425535648559407 0.790764167419018 2.309448168772089
0.2445908968043224 0.8234577858327998 2.415990156896848
0.27969871182491 0.8048597227884859 2.373829716130817
0.3216979059499314 0.5261470049074438 1.657150884238678
0.2904479059499314 0.5248251401255433 1.635242841486244
0.2996458118998628 0.5483284154691859 1.691115715010987
0.3122235424114237 0.6359060405264754 1.906236525192008
0.3156033669730532 0.6655225561865897 1.985446030830957
0.3342756364614924 0.6481824640182663 1.952021214453283
0.2611917733201359 0.4420136255144149 1.458973232730886
0.2777625269192021 0.4203161439620544 1.430483343110775
0.2558127930412056 0.4057247325811902 1.394665302339667
0.4300630193371714 0.5397632686213879 1.767642972907066
0.4538760386743428 0.5755609428970738 1.868544256459839
0.4613130193371714 0.5384414038394874 1.792647992547233
0.2647511919344724 0.750196591600051 2.19568304572738
0.3018963389034418 0.764292146969519 2.259426371281853
0.288986150961386 0.7423226341948659 2.185598781923475
0.02582072107341702 0.8252262392090004 2.36266340139482
0.05164144214683403 0.8067024784180009 2.304204615918493
0.02582072107341702 0.7939762392090004 2.261463246493684
0.04888036366414682 0.9198696363358532 2.694709585657244
0.02444018183207341 0.9130598181679266 2.66795378559367
0.02444018183207341 0.9443098181679266 2.784039387864675
0.05843024199935712 0.1446838581669566 1.045280930808245
0.08167277944621229 0.1657255440265437 1.061600354788244
0.09361794655185907 0.1433260304743259 1.049849021939626
0.133010467097176 0.919807003158577 2.709781630476539
0.1398202852651026 0.9442471849906504 2.802755204897175
0.1614503886981317 0.9129345518133744 2.692965219800149
0.4446263988537884 0.4334661758164529 1.573478485711519
0.4254381994268942 0.4687158850810774 1.620386823386234
0.4566881994268942 0.4673940202991768 1.645478451918591
0.1560211097715488 0.8631607910223749 2.514435689011064
0.1289617274119366 0.8446996634086514 2.443666169862421
0.127581188170593 0.8700332423675775 2.530192645224284
0.2997230991191382 0.8715077487307504 2.608885448341065
0.3082834789565087 0.8452315134443522 2.523871326036379
0.2731756639359212 0.8638295764886661 2.567028017800005
0.1605471054054675 0.4756970759951818 1.478350789274789
0.1917971054054675 0.4756970759951818 1.489361545862624
0.1648442108109351 0.4513941519903636 1.434686974740058
0.1995102068660583 0.9373747336454479 2.797147105197458
0.1778801034330292 0.9686873668227239 2.908351760481227
0.2091301034330292 0.9686873668227238 2.920445829445772
0.3513042719485756 0.3737026270890061 1.402721998475743
0.3851717177764036 0.3614722641586428 1.409681647686747
0.3524580836730584 0.3464255433178177 1.364248014872547
0.03125 0.03125 1.002929687499998
0.03125 0.0625 1.008789062499998
0.0625 0.03125 1.005859374999997
0.2966409039672339 0.3440644948673169 1.324756579163064
0.2735373583647546 0.3567501672576413 1.329364050097836
0.295487092242751 0.3713415786385054 1.363101757733515
0.3772585273364937 0.3108227629248884 1.33554557635259
0.4099721614398389 0.3258694837657135 1.380459014055093
0.4009051592754463 0.3024970663031477 1.343733896977663
0.5017962829575114 0.2044585153186796 1.335406078562576
0.5234497212829943 0.228215166820037 1.378163935444607
0.5245511447507567 0.2054647153923696 1.359585402001834
0.3387939358177828 0.1331869994349287 1.150258884583844
0.3659511768807642 0.1092637430976236 1.157797394971805
0.3215595948245096 0.1145249089937508 1.129632482583738
0.1634647520261438 0.2989594869134945 1.205474274786106
0.1927867024554527 0.3104056575892805 1.229870057170498
0.1864112764559356 0.2774130575872455 1.188665173029716
0.4043071491717176 0.2242664785986815 1.264055177717431
0.4147829476189119 0.2014906564798794 1.253241862932785
0.3826537108462348 0.2005098270973242 1.226832243949559
0.2276545404399928 0.08045416453171934 1.064772334963928
0.2251711224962474 0.05517316841954435 1.056790191433117
0.1978588270487494 0.08506534072691371 1.053620339827067
0.4593397601297983 0.7740523426703014 2.409307073622846
0.4371033920504221 0.7707928907792273 2.379302736293557
0.4468975012998926 0.8104909404846734 2.513508505883538
0.2742351806655214 0.9214184449523405 2.773228835711422
0.2476877454823045 0.9137402727102562 2.73119179120731
0.2573076420492753 0.9450529058875321 2.852457212509882
0.5082492218543344 0.5683932709512352 1.904459092440793
0.5008122411915058 0.6055128100088217 1.984104427096792
0.5239354243714974 0.5996670028448836 1.993709357513241
0.05569018183207342 0.9755598181679266 2.906535314000187
0.08694018183207342 0.9755598181679266 2.9109925128647
0.08013036366414683 0.9511196363358532 2.815678000428257
0.2388367724877239 0.2761735558727071 1.20958666981908
0.245212198487241 0.3091661558747422 1.251296446163656
0.2683157440897203 0.2964804834844178 1.247794692700701
0.532698853212637 0.1317389159357252 1.318478352157873
0.5064208489223327 0.1562203898765238 1.305271696649533
0.5291757107155781 0.1572265899502137 1.329467333986057
0.6513085626352695 0.8083562420389098 2.73108247184855
0.6781155413282453 0.7808208141315995 2.679202974953154
0.6508101465775633 0.7761102413175085 2.628248060244142
0.671875 0.02742556047386033 1.452920338359599
0.6875 0.05485112094772066 1.478673540938429
0.703125 0.02742556047386033 1.495889088359603
0.7385887095969876 0.5629995469497497 2.179450261675371
0.7641073367588415 0.5809898557159985 2.258958446978476
0.7727506712258112 0.5509874506286931 2.204317941380541
0.65625 0.9340688353338106 3.175633240783719
0.65625 0.9670344176669052 3.30097519240475
0.6875 0.9670344176669053 3.342967379904736
0.3485312804600879 0.2316113458378671 1.228761684500765
0.3465380868466182 0.2636936939609652 1.259157374104835
0.3701847187855707 0.2553679973392244 1.267462354152404
0.4902190610425546 0.2499847888651491 1.365299517137311
0.4685656227170718 0.2262281373637918 1.321912083062375
0.4580898242698775 0.249003959482594 1.333852230775585
0.2934124833056693 0.2517124629709954 1.212809213389421
0.295405676919139 0.2196301148478973 1.183739288652225
0.2639335117036729 0.2314055353592847 1.17675794219004
0.3618584179437455 0.04530082632822283 1.135045844368778
0.3330918358874909 0.07058182244039782 1.120913758452899
0.3774834179437455 0.06532065654427065 1.151027307165228
0.484375 0.06048210242720517 1.241935310053019
0.515625 0.06090471420626686 1.273287909050089
0.5 0.04046227221115734 1.253274390944973
0.5797104255887227 0.21944160641882 1.432373414791573
0.5786090021209602 0.2421920578464873 1.452102363103213
0.6121148446334435 0.2324122973715804 1.482715534959669
0.6205228932337064 0.287742572641114 1.550640237247354
0.6325210784559352 0.2665627804827274 1.542194346568402
0.5990152359434521 0.2763425409576343 1.511549652778201
0.6032631771748359 0.944757872840662 3.149061337523917
0.6032631771748359 0.9117922905075673 3.026656822993151
0.5815263543496718 0.9224813280144187 3.040116501873721
0.2486923643238693 0.1806610967950087 1.127124755863326
0.2801645295393355 0.1688856762836212 1.135536906919533
0.2629301885460622 0.1502235858424433 1.114266535535575
0.421875 0.02001983021604783 1.178780102828754
0.4375 0.04003966043209566 1.194612598815027
0.453125 0.02001983021604783 1.206123852828754
0.5902268575029411 0.1142405604736774 1.374469554632454
0.5867037150058823 0.139728234488166 1.38326920822804
0.6214768575029411 0.1212236789524282 1.415623845089234
0.1861044207703019 0.1407838477916541 1.074275039028278
0.2016623099393526 0.1666101825490251 1.096185593108094
0.2159001341615454 0.1361726715964597 1.083698860910389
0.2862168358874909 0.05056199222435 1.087033107260833
0.3149834179437454 0.025280996112175 1.100492811108371
0.2837334179437455 0.025280996112175 1.081782909986886
0.4786939914193917 0.1303101040829735 1.263109383873241
0.5049719957096959 0.1058286301421749 1.277396114366558
0.4737219957096958 0.1054060183631133 1.246633386633491
0.5720131771748359 0.9777234551737567 3.239085384455465
0.5502763543496718 0.9554469103475134 3.128561663141563
0.5407631771748359 0.9777234551737567 3.204311123382027
0.3881575135837332 0.1528299192586618 1.197380223792697
0.4202867503564103 0.153810748641217 1.223956445320272
0.4153147546467145 0.1289066629213567 1.205720200918276
0.2176681251265372 0.4394081830619572 1.433538515379698
0.2122891448476069 0.4031192901287326 1.370077005167877
0.1907152305320048 0.415105259057139 1.380997051350634
0.6867763666416511 0.4543748174255487 1.884574727198486
0.6921748624610892 0.4901824468254835 1.959663702574654
0.7108400999353064 0.4591511885463443 1.926933275563061
0.7593947716912516 0.2519310760609775 1.70361895344247
0.7282444361820911 0.2561625368136418 1.661578449363741
0.7473134306643743 0.2809533065305141 1.716346884552186
0.513211157998734 0.4188713069248872 1.614292036224282
0.4885128781397083 0.4085438867383578 1.572461046890854
0.500574678712814 0.4424717312210816 1.642137474827958
0.1601877045525019 0.02989217230736935 1.027447184620302
0.1641254091050039 0.05978434461473871 1.034085485635905
0.1914377045525019 0.02989217230736935 1.038435478654834
0.5376153303329909 0.4753214570246195 1.740891218425052
0.5625941813800619 0.4742433383454335 1.766325700852734
0.5502518096189106 0.4517210327284251 1.710880836807338
0.03554710540546753 0.4444470759951818 1.396330003424044
0.07109421081093506 0.4201441519903636 1.358096603714222
0.03554710540546753 0.4131970759951818 1.342727243924642
0.1560142998237655 0.3673701954481283 1.294262182756664
0.1775882141393677 0.3553842265197219 1.284133470719223
0.1482662637100587 0.3439380558439359 1.258569657469929
0.02779906929176074 0.3272649363909894 1.214977465435479
0.05559813858352149 0.3107798727819787 1.196259411666707
0.02779906929176074 0.2960149363909894 1.176022473386606
0.1525327941817211 0.2409936363800573 1.139422118852218
0.1250297379070237 0.2375668151749041 1.128508418705761
0.1295862697519292 0.2625400657063063 1.154647173510332
0.06643770455250195 0.09239217230736935 1.021486595593548
0.1016254091050039 0.09103434461473871 1.026902227574623
0.09768770455250195 0.06114217230736935 1.017019618089661
0.1023442108109351 0.4513941519903635 1.417987698388679
0.06679710540546754 0.4756970759951817 1.457037269511262
0.09804710540546753 0.4756970759951818 1.462188651099095
0.02324253744685517 0.1772916858595872 1.063404899296833
0.02324253744685517 0.2085416858595872 1.087519485029283
0.04648507489371034 0.1983333717191744 1.080833114862856
0.1599214294424623 0.1936208722964373 1.10055294797256
0.1443635402734116 0.1677945375390663 1.077150845416146
0.1324183731677649 0.1901940510912841 1.089882179693401
0.6989871677674626 0.3509114567054111 1.734860761597773
0.6679199880629504 0.3473004791469254 1.687352356085339
0.674740431119657 0.3706675842523849 1.730063565418505
0.7056246074700188 0.39881106047864 1.816006610587397
0.7296883407636739 0.4035874315994357 1.858210704536496
0.7298713441178244 0.3790549329316662 1.820077463324005
0.9613008195387768 0.1287245902306116 1.957239305905998
0.9806504097693884 0.1581122951153058 2.011674221914137
0.9806504097693884 0.09561229511530579 1.979958648135293
0.6155849915535441 0.1781865994554149 1.442445810276925
0.6479894105982649 0.1911572904081753 1.492972495599868
0.6503581340506029 0.1596820439196772 1.473962412826501
0.546875 0.02044244199510951 1.299908052494443
0.5625 0.04088488399021903 1.319749397477779
0.578125 0.02044244199510951 1.335064302494443
0.640625 0.07529356294283018 1.421738631866245
0.625 0.04786800246896985 1.395207691320736
0.609375 0.06831044446407936 1.380670524270753
0.4955755151047003 0.9493803521748797 3.04824119736268
0.5050886922795362 0.9271038073486364 2.974157526269329
0.4816378530345646 0.9210372491760026 2.928594250215144
0.4925847086242403 0.8198169505483812 2.586839359983316
0.4801424497943346 0.8562555483627534 2.696883900298504
0.5035932890393062 0.8623221065353872 2.740805031604681
0.5225755467831714 0.3298328660956125 1.490664641209373
0.4995133121748869 0.3522244541756232 1.497637681278505
0.5242115920339125 0.3625518743621526 1.537685516429697
0.6019227157622014 0.4526910425716381 1.772169315799724
0.6162723990972698 0.4322168654770286 1.753414507494661
0.5895803440010503 0.4301687369546296 1.717695266538661
0.704164909932985 0.3063645594415649 1.683566706944546
0.6850959154507017 0.2815737897246927 1.627924011487053
0.6730977302284727 0.3027535818830793 1.636380017124759
0.5971095842794121 0.3863274547545607 1.655037660232578
0.6238016393756316 0.3883755832769598 1.690799672659142
0.6169811963189252 0.3650084781715002 1.647128174885247
0.8768626531633996 0.08969351430787471 1.784977965530547
0.8649622433940112 0.05658121919256892 1.754562551227838
0.843024077018634 0.08005014326983205 1.72350564530816
0.7784648792037265 0.3717473553864127 1.882399760627236
0.7782818758495762 0.3962798540541822 1.919798123734325
0.8028116776418233 0.3841959053881331 1.93971957719207
0.8473368561971859 0.4704234199133228 2.160576135876028
0.8700846674351264 0.4629770012304461 2.185742735842378
0.8563699338348263 0.439320309289191 2.119374131884163
0.7412184456814451 0.132989391234678 1.584777140580338
0.7700000577382675 0.1602331769705118 1.644249430921045
0.766155279306068 0.1290327548380808 1.620292815650751
0.8918546180114679 0.7982927071071655 3.069947152109335
0.902909989232042 0.8248790337798908 3.176097289394301
0.9315882024145034 0.7910572469623521 3.119399714821183
0.5434469799789968 0.7114987472126542 2.307795554618651
0.5756939671615207 0.7110688649714074 2.342661405289633
0.5606285857363899 0.6825541799195518 2.246064828196092
0.8573347787965799 0.2474623521435856 1.857498154391045
0.8872111787566284 0.2733416935036569 1.936575038525621
0.8821667094058223 0.2503679780883232 1.903586352087965
0.8570337630097764 0.3274982871413618 1.949017127099743
0.8746447055586054 0.3119068480301762 1.959575124657942
0.844768305598557 0.2860275066701049 1.877256959287685
0.7317353199093508 0.5139779799043618 2.063783306055969
0.7658972815381746 0.5019658835833053 2.090538142430702
0.7504005573835681 0.4829467216252226 2.029576068378667
0.7998736672492456 0.04693784815452624 1.644204206737509
0.8218118336246227 0.02346892407726312 1.676476270680161
0.7905618336246228 0.02346892407726313 1.626089593578614
0.7426945006613065 0.1956650598556071 1.628164752609132
0.7139128886044841 0.1684212741197733 1.566403063667838
0.711544165152146 0.1998965206082714 1.586212336864637
0.9463708459499681 0.5766945636133316 2.560771017466386
0.9731854229749841 0.5852222818066658 2.632060105737007
0.973185422974984 0.5539722818066657 2.560860445511157
0.9766368030683417 0.432296818622206 2.327580523889299
0.9532736061366834 0.4583436372444121 2.32888834776169
0.9766368030683417 0.463546818622206 2.38357075121707
0.5656439046113051 0.5291174945352765 1.879883672870462
0.540665053564234 0.5301956132144625 1.854533476689297
0.556351256081397 0.5614693451081109 1.940022371135576
0.858769265220222 0.1443628605175689 1.779165921880505
0.8249306890754564 0.1347194894795262 1.716809323469742
0.8287754675076558 0.1659199116119573 1.741927609681166
0.9805330120168707 0.2992986875697655 2.14060439641684
0.9610660240337414 0.3173473751395309 2.125066615567912
0.9805330120168707 0.3305486875697655 2.179969857363057
0.9494004097693884 0.03311229511530579 1.903553986245885
0.9181504097693884 0.03311229511530579 1.84519302313529
0.9300508195387769 0.06622459023061159 1.873765919627167
0.9316274951015175 0.2107622394241693 1.95677123276332
0.956138952435453 0.2156872672697376 2.007243690888957
0.9367893622048413 0.1862995623850434 1.946989363029884
0.9372933379105187 0.7437949998568193 2.984980804915418
0.9143202602240728 0.7303545395688251 2.90281704519375
0.8975597535074833 0.7510304600016326 2.933707014816906
0.8181253984422794 0.4277475660139851 2.035265128038092
0.7935955966500323 0.4398315146800343 2.016697493633754
0.8090923208046388 0.458850676638117 2.075718270487534
0.876896640848711 0.5424846195406204 2.357526843608026
0.8803480209420687 0.5145591563561607 2.304554888756547
0.8576002097041281 0.5220055750390376 2.280457760428247
0.977026922313554 0.6740595397120058 2.863294133078997
0.9540538446271081 0.6918690794240117 2.867584384573796
0.977026922313554 0.7053095397120058 2.949504700542999
0.9264590291116676 0.5123159190510779 2.383261534448806
0.9230076490183099 0.5402413822355375 2.435664622305816
0.9498222260433258 0.5175191004288717 2.437814299703288
0.6483629500129273 0.4700726233993625 1.862311057488558
0.634013266677859 0.4905468004939719 1.883245149273246
0.6537614458323655 0.5058802527992973 1.939233688401369
0.6010782862829747 0.5757246787342504 2.024212917648173
0.6301191139673891 0.5587062804667413 2.021355513453006
0.6103709348128825 0.5433728281614159 1.963060738832606
0.7056916856915227 0.6003111699567443 2.218747756803788
0.7069566234148816 0.6256106966426824 2.282565154897635
0.7312103128533766 0.6183014787229931 2.299261958805182
0.5224400211312674 0.6598853020316344 2.143840799354371
0.4993168379512758 0.6657311091955725 2.135713124163151
0.5052584153738745 0.6888298693247368 2.204259244053963
0.8150760220228508 0.330641176250827 1.882996096541644
0.8028105646116315 0.2891703957795702 1.811743838242657
0.7907292235847542 0.3181926262491067 1.82774579982954
0.8574521765490976 0.200025959689126 1.815245004167898
0.8822841071583398 0.2029315856338635 1.860787702639946
0.8874459742616637 0.1784689085947375 1.851262659903227
0.8407036600154008 0.6362731063034479 2.516469575573337
0.8724849249655234 0.6530870036230656 2.614275212894779
0.8686434256269534 0.6267497457177255 2.540171888399366
0.5912577646443576 0.7718295507446642 2.541027455057636
0.5590107774618338 0.7722594329859109 2.5052623129899
0.5917561807020639 0.8040755514660655 2.64325036233
0.8144498085634911 0.8546526200427409 3.124190692560923
0.844340792306536 0.8566767203200851 3.180701379829572
0.8332854210859618 0.8300903936473599 3.072464716245648
0.7221685848419634 0.8451287805068893 2.950012776214734
0.7137947604604453 0.81533008372629 2.839029250918971
0.6869877817674697 0.8428655116336002 2.892796753700503
0.6523971685686133 0.6246387861439427 2.205969291867089
0.6511322308452543 0.5993392594580047 2.142388277900834
0.62209140316084 0.6163576577255138 2.146791238360374
0.7202865719062799 0.6758543527761381 2.432370958001387
0.7323515826743192 0.7007984822236557 2.518575866019534
0.7445402613447749 0.6685451348564488 2.448245395443777
0.7716260303463475 0.7309790820563917 2.664067567516045
0.7988354672503364 0.7362155524416101 2.722164783050848
0.7838147090168031 0.6987257346891849 2.590800802704958
0.6081159569015563 0.6618907410448784 2.246003723200175
0.6231813383266871 0.6904054260967341 2.341674285206278
0.6384217223093297 0.6701718694633074 2.305842964756299
0.7678111760574099 0.793031126204198 2.847330736336009
0.7761850004389281 0.8228298229847975 2.956560990092729
0.7950206129613988 0.7982675965894163 2.906520086562753
0.6655521145024997 0.7236306839626806 2.490242350663342
0.6928575092531817 0.7283412567767716 2.541013500774869
0.6807924984851423 0.7033971273292541 2.453013463463742
0.9713217868175388 0.8150717868175387 3.272150048878274
0.9426435736350774 0.8488935736350773 3.329817505633346
0.9713217868175388 0.8463217868175387 3.375987147230465
0.6914308030744939 0.903366521874005 3.110218701125703
0.7226808030744939 0.9363321042070998 3.275703161870194
0.7266116061489878 0.9056297907472942 3.168295061968375
0.9713217868175388 0.9400717868175387 3.710935942287056
0.9713217868175388 0.9088217868175387 3.595380093934855
0.9426435736350774 0.9113935736350773 3.549853399042126
0.7891116061489877 0.9385953730803889 3.384619675694849
0.7851808030744938 0.9692976865401944 3.495584903781053
0.8164308030744939 0.9692976865401944 3.54563526647319
0.4436040734577291 0.7112555328356909 2.208553439967059
0.4658404415371053 0.714514984726765 2.238070643769666
0.4598988641145067 0.6914162245976008 2.167619756487402
0.4226260386743428 0.6113406417325072 1.926087529033368
0.3988130193371714 0.5755429674568213 1.821551239170797
0.3988130193371714 0.610000801510354 1.903253780079352
0.8229333929665265 0.9099171598979275 3.333117845012787
0.8502525898920326 0.9406194733577331 3.492459453937644
0.8528243767095712 0.9119412601752718 3.390583141530157
0.9400717868175388 0.9713217868175387 3.770666991463142
0.9113935736350774 0.9426435736350773 3.607792059894297
0.9088217868175388 0.9713217868175387 3.712889067287032
0.2478732325077693 0.6953004600460855 2.028326598874407
0.2196705019962084 0.6702477986719583 1.94671935269644
0.2236382734808558 0.7031744174512706 2.038922600081335
0.3713641878723487 0.7028171844305438 2.125815349495832
0.3638459591919548 0.6816380359703004 2.061644706183187
0.3451736897035157 0.6989781281386239 2.096285723295868
0.3895401329295916 0.8697686368454642 2.664736478442832
0.3664657134533439 0.8482010436227513 2.573187139942293
0.3579053336159734 0.8744772789091496 2.657517250487459
0.2981775386162462 0.9763655390648083 2.995489176281895
0.3294275386162462 0.9763655390648083 3.015101834945427
0.3151050772324923 0.9527310781296165 2.914684224165775
0.3394116081571324 0.7382877330816006 2.205337793389343
0.3523217960991882 0.7602572458562536 2.280112807760434
0.3656021063259653 0.7421267893735204 2.235169243161681
0.4301442673547367 0.6669776242462834 2.074742393228552
0.4063312480175653 0.6656377840241301 2.051252402156596
0.4138494766979591 0.6868169324843735 2.114706386857648
0.9395588725363834 0.4034369453031571 2.208293612632914
0.9024809420044251 0.4058270719841082 2.143863075391564
0.9161956756047251 0.4294837639253631 2.208327122947785
0.9560215546829354 0.2631236597241972 2.052445333631688
0.9315100973489999 0.258198631878629 2.001044128471131
0.9365545666998061 0.2811723472939627 2.035250234171855
0.9434550814849124 0.3641888142507165 2.155374475630377
0.9239880935017831 0.350987501820482 2.100138449801411
0.9063771509529541 0.3665789409316676 2.090279779638754
0.8175657295322479 0.5894568038965249 2.363332369425405
0.8455054951438006 0.5799334433108024 2.387525139659018
0.8262090639992178 0.5594543988092195 2.308599866128443
0.8277846526373813 0.6832862846415955 2.618987724700585
0.8428054108709147 0.7207761023940208 2.749357340157891
0.8595659175875041 0.7001001819612132 2.719134096242256
0.950212345288538 0.6342818215186716 2.70753035935681
0.9233977682635222 0.6257541033253373 2.635799834091013
0.9272392676020921 0.6520913612306773 2.710218946166597
