-10	-1.128686479590986
-9.989130434782609	-1.150433918191523
-9.978260869565217	-1.172197378658604
-9.967391304347826	-1.193975951369601
-9.956521739130435	-1.215768724696091
-9.945652173913043	-1.237574785003857
-9.934782608695652	-1.259393216652892
-9.923913043478262	-1.281223101997396
-9.913043478260869	-1.303063521385776
-9.902173913043478	-1.324913553160649
-9.891304347826088	-1.346772273658836
-9.880434782608695	-1.368638757211367
-9.869565217391305	-1.39051207614348
-9.858695652173912	-1.412391300774621
-9.847826086956522	-1.434275499418443
-9.836956521739131	-1.456163738382805
-9.826086956521738	-1.478055081969778
-9.815217391304348	-1.499948592475636
-9.804347826086957	-1.521843330190863
-9.793478260869565	-1.543738353400149
-9.782608695652174	-1.565632718382394
-9.771739130434783	-1.587525479410702
-9.760869565217391	-1.60941568875239
-9.75	-1.631302396668976
-9.739130434782609	-1.653184656242724
-9.728260869565217	-1.675061519237729
-9.717391304347826	-1.696932031015641
-9.706521739130435	-1.718795235722953
-9.695652173913043	-1.740650176290998
-9.684782608695652	-1.762495894435953
-9.673913043478262	-1.784331430658838
-9.663043478260869	-1.806155824245516
-9.652173913043478	-1.827968113266693
-9.641304347826088	-1.849767334577915
-9.630434782608695	-1.871552523819575
-9.619565217391305	-1.893322715416906
-9.608695652173912	-1.915076942579986
-9.597826086956522	-1.936814237303732
-9.586956521739131	-1.958533630367908
-9.576086956521738	-1.980234151337118
-9.565217391304348	-2.00191482856081
-9.554347826086957	-2.023574689173276
-9.543478260869565	-2.045212759093646
-9.532608695652174	-2.0668280630259
-9.521739130434783	-2.088419624458854
-9.510869565217391	-2.109986465666172
-9.5	-2.131527607706356
-9.489130434782609	-2.153042075598048
-9.478260869565217	-2.174528893663018
-9.467391304347826	-2.195987080516362
-9.456521739130435	-2.217415654386578
-9.445652173913043	-2.23881363311557
-9.434782608695652	-2.260180034158643
-9.423913043478262	-2.28151387458451
-9.413043478260869	-2.302814171075285
-9.402173913043478	-2.324079939926491
-9.391304347826088	-2.345310197047051
-9.380434782608695	-2.366503957959296
-9.369565217391305	-2.387660237798958
-9.358695652173912	-2.408778051315176
-9.347826086956522	-2.429856412870491
-9.336956521739131	-2.450894336440853
-9.326086956521738	-2.471890835615612
-9.315217391304348	-2.492844923597522
-9.304347826086957	-2.513755613202747
-9.293478260869565	-2.534621916860848
-9.282608695652174	-2.555442846614796
-9.271739130434783	-2.576217414120964
-9.260869565217391	-2.596944630649133
-9.25	-2.617623507082481
-9.239130434782609	-2.638253059346845
-9.228260869565217	-2.658832303329279
-9.217391304347826	-2.679360250017489
-9.206521739130435	-2.699835910864659
-9.195652173913043	-2.720258297789447
-9.184782608695652	-2.740626423175989
-9.173913043478262	-2.760939299873899
-9.163043478260869	-2.781195941198266
-9.152173913043478	-2.80139536092966
-9.141304347826088	-2.821536573314122
-9.130434782608695	-2.841618593063174
-9.119565217391305	-2.861640435353814
-9.108695652173912	-2.881601115828518
-9.097826086956522	-2.901499650595236
-9.086956521739131	-2.9213350562274
-9.076086956521738	-2.941106349763913
-9.065217391304348	-2.960812548709158
-9.054347826086957	-2.980452671032995
-9.043478260869565	-3.000025735170762
-9.032608695652174	-3.019530760023272
-9.021739130434783	-3.038966764956814
-9.010869565217391	-3.058332769803158
-9	-3.077627794859546
-8.989130434782609	-3.096850866477622
-8.978260869565217	-3.116001011653339
-8.967391304347826	-3.135077253385013
-8.956521739130435	-3.154078615997888
-8.945652173913043	-3.173004125144138
-8.934782608695652	-3.19185280780287
-8.923913043478262	-3.210623692280122
-8.913043478260869	-3.229315808208863
-8.902173913043478	-3.247928186548992
-8.891304347826088	-3.266459859587341
-8.880434782608695	-3.284909860937671
-8.869565217391305	-3.303277225540676
-8.858695652173912	-3.32156098966398
-8.847826086956522	-3.339760190902139
-8.836956521739131	-3.35787386817664
-8.826086956521738	-3.375901061735901
-8.815217391304348	-3.393840813155269
-8.804347826086957	-3.411692165337026
-8.793478260869565	-3.429454162510382
-8.782608695652174	-3.447125850231481
-8.771739130434783	-3.464706275383394
-8.760869565217391	-3.482194486176129
-8.75	-3.499589532146619
-8.739130434782609	-3.5168904698167
-8.728260869565217	-3.534096357042568
-8.717391304347826	-3.551206248665626
-8.706521739130435	-3.568219201711122
-8.695652173913043	-3.585134275388157
-8.684782608695652	-3.601950531089682
-8.673913043478262	-3.618667032392506
-8.663043478260869	-3.635282845057285
-8.652173913043478	-3.651797037028528
-8.641304347826088	-3.668208678434598
-8.630434782608695	-3.684516841587707
-8.619565217391305	-3.700720600983923
-8.608695652173912	-3.716819033303162
-8.597826086956522	-3.732811217409194
-8.586956521739131	-3.748696234349642
-8.576086956521738	-3.76447316735598
-8.565217391304348	-3.780141101843532
-8.554347826086957	-3.795699125411479
-8.543478260869565	-3.811146327842849
-8.532608695652174	-3.826481801104527
-8.521739130434783	-3.841704639347241
-8.510869565217391	-3.856813938905586
-8.5	-3.871808798297994
-8.489130434782609	-3.886688323862714
-8.478260869565217	-3.901451623957575
-8.467391304347826	-3.916097804974132
-8.456521739130435	-3.930625976326366
-8.445652173913043	-3.945035250450693
-8.434782608695652	-3.959324742805963
-8.423913043478262	-3.973493571873461
-8.413043478260869	-3.987540859156905
-8.402173913043478	-4.001465729182449
-8.391304347826088	-4.015267309498677
-8.380434782608695	-4.028944730676611
-8.369565217391305	-4.042497126309706
-8.358695652173912	-4.055923633013848
-8.347826086956522	-4.069223390427359
-8.336956521739131	-4.082395541210995
-8.326086956521738	-4.095439231047949
-8.315217391304348	-4.108353608643841
-8.304347826086957	-4.121137825726732
-8.293478260869565	-4.133791037047111
-8.282608695652174	-4.146312400377904
-8.271739130434783	-4.15870107651447
-8.260869565217391	-4.170956229274607
-8.25	-4.183077025498537
-8.239130434782609	-4.195062640573159
-8.228260869565217	-4.206912252569173
-8.217391304347826	-4.218625038692592
-8.206521739130435	-4.230200179978312
-8.195652173913043	-4.241636861290122
-8.184782608695652	-4.252934271320699
-8.173913043478262	-4.264091602591618
-8.163043478260869	-4.275108051453335
-8.152173913043478	-4.285982818085206
-8.141304347826088	-4.29671510649547
-8.130434782608695	-4.307304124521262
-8.119565217391305	-4.317749083828607
-8.108695652173912	-4.328049199912418
-8.097826086956522	-4.338203692096503
-8.086956521739131	-4.348211783533556
-8.076086956521738	-4.358072701205166
-8.065217391304348	-4.36778567592181
-8.054347826086957	-4.377349942322857
-8.043478260869565	-4.386764738876566
-8.032608695652174	-4.39602930788009
-8.021739130434783	-4.405142895459465
-8.010869565217391	-4.41410475156963
-8	-4.422914129994401
-7.989130434782608	-4.431570293668297
-7.978260869565218	-4.440072508841575
-7.967391304347826	-4.448420042039037
-7.956521739130435	-4.456612164374954
-7.945652173913044	-4.464648151553069
-7.934782608695652	-4.472527283866593
-7.923913043478261	-4.480248846198218
-7.913043478260869	-4.487812128020098
-7.902173913043478	-4.495216423393869
-7.891304347826087	-4.502461030970628
-7.880434782608695	-4.509545253990956
-7.869565217391305	-4.516468400284896
-7.858695652173913	-4.523229782271971
-7.847826086956522	-4.529828716961169
-7.836956521739131	-4.536264525950958
-7.826086956521739	-4.542536535429268
-7.815217391304348	-4.548644076173511
-7.804347826086957	-4.554586483550566
-7.793478260869565	-4.560363097516785
-7.782608695652174	-4.565973262617992
-7.771739130434782	-4.57141632798948
-7.760869565217392	-4.576691647356023
-7.75	-4.581798579031857
-7.739130434782608	-4.586736490949189
-7.728260869565218	-4.591504754943653
-7.717391304347826	-4.59610274428684
-7.706521739130435	-4.600529837540894
-7.695652173913044	-4.604785418558496
-7.684782608695652	-4.608868876482877
-7.673913043478261	-4.612779605747813
-7.663043478260869	-4.616517006077625
-7.652173913043478	-4.620080482487187
-7.641304347826087	-4.623469445281907
-7.630434782608695	-4.626683310057747
-7.619565217391305	-4.629721497701215
-7.608695652173913	-4.632583434389361
-7.597826086956522	-4.635268551589784
-7.586956521739131	-4.637776286060628
-7.576086956521739	-4.640106079850583
-7.565217391304348	-4.642257380298885
-7.554347826086957	-4.644229640035314
-7.543478260869565	-4.646022316980201
-7.532608695652174	-4.647634874344416
-7.521739130434782	-4.649066780629378
-7.510869565217392	-4.650317509627058
-7.5	-4.651386540419963
-7.489130434782608	-4.652273362026667
-7.478260869565218	-4.652977467900381
-7.467391304347826	-4.653498354097649
-7.456521739130435	-4.653835522593839
-7.445652173913044	-4.653988481283145
-7.434782608695652	-4.653956743978586
-7.423913043478261	-4.653739830412018
-7.413043478260869	-4.653337266234113
-7.402173913043478	-4.65274858301438
-7.391304347826087	-4.651973318241146
-7.380434782608695	-4.651011015321575
-7.369565217391305	-4.649861223581652
-7.358695652173913	-4.648523498266191
-7.347826086956522	-4.646997400538834
-7.336956521739131	-4.64528249748205
-7.326086956521739	-4.643378362097137
-7.315217391304348	-4.641284573304218
-7.304347826086957	-4.639000715942245
-7.293478260869565	-4.636526380768996
-7.282608695652174	-4.633861164461079
-7.271739130434782	-4.631004669613924
-7.260869565217392	-4.627956504741798
-7.25	-4.624716284277784
-7.239130434782608	-4.621283632746198
-7.228260869565218	-4.617658179576633
-7.217391304347826	-4.613839557953626
-7.206521739130435	-4.609827407523412
-7.195652173913044	-4.605621374393915
-7.184782608695652	-4.601221111134754
-7.173913043478261	-4.596626276777247
-7.163043478260869	-4.591836536814399
-7.152173913043478	-4.586851563200917
-7.141304347826087	-4.581671034353199
-7.130434782608695	-4.576294635149338
-7.119565217391305	-4.57072205692912
-7.108695652173913	-4.564952997494027
-7.097826086956522	-4.558987161107235
-7.086956521739131	-4.552824258493616
-7.076086956521739	-4.546464006839736
-7.065217391304348	-4.539906129793851
-7.054347826086957	-4.533150357465919
-7.043478260869565	-4.526196426427584
-7.032608695652174	-4.519044079712194
-7.021739130434782	-4.511693066814781
-7.010869565217392	-4.504143143692083
-7	-4.496394072762522
-6.989130434782608	-4.488445626520452
-6.978260869565218	-4.480297582766773
-6.967391304347826	-4.471949724172466
-6.956521739130435	-4.463401840316124
-6.945652173913044	-4.454653727683966
-6.934782608695652	-4.445705189669827
-6.923913043478261	-4.436556036575176
-6.913043478260869	-4.427206085609092
-6.902173913043478	-4.417655160888287
-6.891304347826087	-4.407903093437084
-6.880434782608695	-4.397949721187439
-6.869565217391305	-4.387794888978924
-6.858695652173913	-4.377438448558736
-6.847826086956522	-4.366880258581691
-6.836956521739131	-4.356120184610232
-6.826086956521739	-4.34515809911442
-6.815217391304348	-4.33399388147194
-6.804347826086957	-4.322627417968101
-6.793478260869565	-4.31105860179583
-6.782608695652174	-4.29928733305568
-6.771739130434782	-4.287313518755823
-6.760869565217392	-4.275137072812061
-6.75	-4.262757916047807
-6.739130434782608	-4.25017597917165
-6.728260869565218	-4.237391198525269
-6.717391304347826	-4.224403516376235
-6.706521739130435	-4.211212882238769
-6.695652173913044	-4.197819252873748
-6.684782608695652	-4.184222592288701
-6.673913043478261	-4.170422871737818
-6.663043478260869	-4.156420069721936
-6.652173913043478	-4.142214171988549
-6.641304347826087	-4.12780517153181
-6.630434782608695	-4.113193068592521
-6.619565217391305	-4.098377870658141
-6.608695652173913	-4.083359592462784
-6.597826086956522	-4.06813825598722
-6.586956521739131	-4.052713890458869
-6.576086956521739	-4.037086532351811
-6.565217391304348	-4.021256225386777
-6.554347826086957	-4.005223020531154
-6.543478260869565	-3.988986975998982
-6.532608695652174	-3.97254815725096
-6.521739130434782	-3.955906636994436
-6.510869565217392	-3.939062495183419
-6.5	-3.922015819018565
-6.489130434782608	-3.904766705218047
-6.478260869565218	-3.887315256384886
-6.467391304347826	-3.869661582018384
-6.456521739130435	-3.851805799088789
-6.445652173913044	-3.833748032037303
-6.434782608695652	-3.815488412776084
-6.423913043478261	-3.797027080688245
-6.413043478260869	-3.778364182627851
-6.402173913043478	-3.759499872919924
-6.391304347826087	-3.740434313360435
-6.380434782608695	-3.721167673216314
-6.369565217391305	-3.701700129225443
-6.358695652173913	-3.68203186559666
-6.347826086956522	-3.662163074009753
-6.336956521739131	-3.64209395361547
-6.326086956521739	-3.621824711035509
-6.315217391304348	-3.601355560362521
-6.304347826086957	-3.580686723160115
-6.293478260869565	-3.559818428462854
-6.282608695652174	-3.53875091277625
-6.271739130434782	-3.517484420076774
-6.260869565217392	-3.496019201811853
-6.25	-3.474355516899859
-6.239130434782608	-3.452493633239864
-6.228260869565218	-3.430433824788708
-6.217391304347826	-3.408176373260273
-6.206521739130435	-3.38572156794381
-6.195652173913044	-3.363069705703938
-6.184782608695652	-3.340221090980654
-6.173913043478261	-3.317176035789329
-6.163043478260869	-3.293934859720702
-6.152173913043478	-3.270497889940891
-6.141304347826087	-3.24686546119138
-6.130434782608695	-3.223037915789032
-6.119565217391305	-3.199015603626083
-6.108695652173913	-3.174798882170137
-6.097826086956522	-3.150388116464174
-6.086956521739131	-3.125783679126548
-6.076086956521739	-3.100985950350986
-6.065217391304348	-3.075995317906585
-6.054347826086957	-3.050812177137819
-6.043478260869565	-3.025436930964531
-6.032608695652174	-2.999869989881941
-6.021739130434782	-2.974111771960638
-6.010869565217392	-2.94816270284659
-6	-2.92202321576113
-5.989130434782608	-2.895693752212353
-5.978260869565218	-2.869174759862092
-5.967391304347826	-2.84246669485485
-5.956521739130435	-2.815570020893146
-5.945652173913044	-2.788485209237513
-5.934782608695652	-2.761212738706506
-5.923913043478261	-2.733753095676698
-5.913043478260869	-2.706106774082674
-5.902173913043478	-2.678274275417045
-5.891304347826087	-2.650256108730432
-5.880434782608695	-2.622052790631479
-5.869565217391305	-2.593664845286844
-5.858695652173913	-2.565092804421206
-5.847826086956522	-2.536337207317258
-5.836956521739131	-2.507398600815715
-5.826086956521739	-2.478277539315307
-5.815217391304348	-2.448974584772781
-5.804347826086957	-2.419490306702904
-5.793478260869565	-2.389825282178459
-5.782608695652174	-2.359980095830247
-5.771739130434782	-2.329955339847086
-5.760869565217392	-2.299751613975817
-5.75	-2.269369525521288
-5.739130434782608	-2.238809689241497
-5.728260869565218	-2.208072726076368
-5.717391304347826	-2.177159266011424
-5.706521739130435	-2.146069946453036
-5.695652173913044	-2.114805412228424
-5.684782608695652	-2.083366315585661
-5.673913043478261	-2.051753316193668
-5.663043478260869	-2.019967081142218
-5.652173913043478	-1.988008284941933
-5.641304347826087	-1.955877609524288
-5.630434782608695	-1.923575744241605
-5.619565217391305	-1.891103385867059
-5.608695652173913	-1.858461238594674
-5.597826086956522	-1.825650014039325
-5.586956521739131	-1.792670431236739
-5.576086956521739	-1.759523216643488
-5.565217391304348	-1.726209104137002
-5.554347826086957	-1.692728835015554
-5.543478260869565	-1.659083157998274
-5.532608695652174	-1.625272829225137
-5.521739130434782	-1.591298612256972
-5.510869565217392	-1.557161278075457
-5.5	-1.52286160508312
-5.489130434782608	-1.488400378189858
-5.478260869565218	-1.453778388456945
-5.467391304347826	-1.418996436366474
-5.456521739130435	-1.384055329570856
-5.445652173913044	-1.348955882892827
-5.434782608695652	-1.313698918325439
-5.423913043478261	-1.278285265032069
-5.413043478260869	-1.242715759346411
-5.402173913043478	-1.206991244772483
-5.391304347826087	-1.171112571984622
-5.380434782608695	-1.135080598827487
-5.369565217391305	-1.098896190316057
-5.358695652173913	-1.062560218635632
-5.347826086956522	-1.026073563141832
-5.336956521739131	-0.9894371103605997
-5.326086956521739	-0.9526517539881968
-5.315217391304348	-0.9157183948912065
-5.304347826086957	-0.8786379411065334
-5.293478260869565	-0.8414113078414014
-5.282608695652174	-0.8040394174733568
-5.271739130434782	-0.7665231995502653
-5.260869565217392	-0.7288635907903152
-5.25	-0.6910615350820136
-5.239130434782608	-0.6531179817985607
-5.228260869565218	-0.6150338863912136
-5.217391304347826	-0.5768102138941741
-5.206521739130435	-0.5384479361597254
-5.195652173913044	-0.4999480318582303
-5.184782608695652	-0.4613114864781331
-5.173913043478261	-0.4225392923259583
-5.163043478260869	-0.383632448526311
-5.152173913043478	-0.3445919610218768
-5.141304347826087	-0.3054188425734221
-5.130434782608695	-0.266114112759794
-5.119565217391305	-0.2266787979779198
-5.108695652173913	-0.187113931442808
-5.097826086956522	-0.147420553187547
-5.086956521739131	-0.1075997100633065
-5.076086956521739	-0.06765245573933629
-5.065217391304348	-0.02757985070296706
-5.054347826086957	0.01261703774039005
-5.043478260869565	0.05293713546724331
-5.032608695652174	0.09337936153602011
-5.021739130434782	0.1339426281870676
-5.010869565217392	0.1746258408426521
-5	0.2154278981069594
-4.989130434782608	0.25634769415284
-4.978260869565218	0.2973841171697918
-4.967391304347826	0.3385360458404804
-4.956521739130435	0.3798023524656955
-4.945652173913044	0.4211819029643526
-4.934782608695652	0.4626735568734913
-4.923913043478261	0.5042761673482771
-4.913043478260869	0.5459885811619998
-4.902173913043478	0.5878096387060747
-4.891304347826087	0.6297381739900417
-4.880434782608695	0.671773014641566
-4.869565217391305	0.7139129819064371
-4.858695652173913	0.7561568906485708
-4.847826086956522	0.7985035493500066
-4.836956521739131	0.8409517601109097
-4.826086956521739	0.8835003186495701
-4.815217391304348	0.9261480143024028
-4.804347826086957	0.9688936300239477
-4.793478260869565	1.01173594238687
-4.782608695652174	1.05467372158196
-4.771739130434782	1.097705731418131
-4.760869565217392	1.140830729322425
-4.75	1.184047466340006
-4.739130434782608	1.22735469011309
-4.728260869565218	1.27075114238123
-4.717391304347826	1.314235555720706
-4.706521739130435	1.357806656821066
-4.695652173913044	1.401463166485124
-4.684782608695652	1.445203799628964
-4.673913043478261	1.489027265281937
-4.663043478260869	1.532932266586663
-4.652173913043478	1.57691750079903
-4.641304347826087	1.620981659288192
-4.630434782608695	1.665123427536574
-4.619565217391305	1.709341485139869
-4.608695652173913	1.753634505807036
-4.597826086956522	1.798001157360304
-4.586956521739131	1.842440101735169
-4.576086956521739	1.886949994980396
-4.565217391304348	1.931529487258018
-4.554347826086957	1.976177222843336
-4.543478260869565	2.020891840124919
-4.532608695652174	2.065671971604604
-4.521739130434782	2.110516243897496
-4.510869565217392	2.15542327773197
-4.5	2.200391687949665
-4.489130434782608	2.245420086920089
-4.478260869565218	2.290507081130969
-4.467391304347826	2.335651268550926
-4.456521739130435	2.380851241781888
-4.445652173913044	2.426105588059098
-4.434782608695652	2.471412889251111
-4.423913043478261	2.516771721859799
-4.413043478260869	2.562180657020342
-4.402173913043478	2.607638260501238
-4.391304347826087	2.653143092704294
-4.380434782608695	2.698693708664632
-4.369565217391305	2.744288658050689
-4.358695652173913	2.789926485164214
-4.347826086956522	2.835605728940266
-4.336956521739131	2.881324922947222
-4.326086956521739	2.927082595386771
-4.315217391304348	2.972877269093912
-4.304347826086957	3.018707461536962
-4.293478260869565	3.064571684817546
-4.282608695652174	3.110468445670608
-4.271739130434782	3.156396245464399
-4.260869565217392	3.20235358020049
-4.25	3.248338940513759
-4.239130434782608	3.294350815306565
-4.228260869565218	3.340387687498335
-4.217391304347826	3.386448032475618
-4.206521739130435	3.432530320757623
-4.195652173913044	3.478633017996216
-4.184782608695652	3.524754584975926
-4.173913043478261	3.570893477613948
-4.163043478260869	3.617048146960132
-4.152173913043478	3.663217039196993
-4.141304347826087	3.709398595639704
-4.130434782608695	3.755591252736105
-4.119565217391305	3.801793442066693
-4.108695652173913	3.848003590344625
-4.097826086956522	3.894220119415724
-4.086956521739131	3.94044144625847
-4.076086956521739	3.986665982984007
-4.065217391304348	4.032892136836139
-4.054347826086957	4.079118310191334
-4.043478260869565	4.125342900558715
-4.032608695652174	4.171564300580074
-4.021739130434782	4.217780898029855
-4.010869565217392	4.263991075815177
-4	4.310193211975807
-3.989130434782609	4.356385683249485
-3.978260869565217	4.402566860071166
-3.967391304347826	4.448735106733496
-3.956521739130435	4.494888783079413
-3.945652173913043	4.541026244502143
-3.934782608695652	4.587145841945203
-3.923913043478261	4.633245921902405
-3.91304347826087	4.679324826417852
-3.902173913043478	4.725380893085939
-3.891304347826087	4.77141245505135
-3.880434782608696	4.817417841009064
-3.869565217391304	4.863395375204352
-3.858695652173913	4.909343377432772
-3.847826086956522	4.955260163040178
-3.83695652173913	5.001144042922716
-3.826086956521739	5.046993323526822
-3.815217391304348	5.092806306849222
-3.804347826086957	5.138581290436937
-3.793478260869565	5.184316567387278
-3.782608695652174	5.230010426347852
-3.771739130434783	5.275661151516546
-3.760869565217391	5.321267022641555
-3.75	5.366826315021354
-3.739130434782609	5.41233730260952
-3.728260869565217	5.4577982523931
-3.717391304347826	5.503207427097467
-3.706521739130435	5.548563085251888
-3.695652173913043	5.59386348118951
-3.684782608695652	5.639106865047376
-3.673913043478261	5.684291482766419
-3.66304347826087	5.729415576091462
-3.652173913043478	5.774477382571216
-3.641304347826087	5.81947513555828
-3.630434782608696	5.864407064209153
-3.619565217391304	5.909271393484212
-3.608695652173913	5.954066344147731
-3.597826086956522	5.998790132767872
-3.58695652173913	6.043440971716687
-3.576086956521739	6.08801706917012
-3.565217391304348	6.132516629108001
-3.554347826086957	6.176937851314054
-3.543478260869565	6.221278931375888
-3.532608695652174	6.26553806068501
-3.521739130434783	6.309713426436806
-3.510869565217391	6.353803211630566
-3.5	6.397805595069458
-3.489130434782609	6.441718753473407
-3.478260869565217	6.485540855408205
-3.467391304347826	6.52927006767551
-3.456521739130435	6.572904552858224
-3.445652173913043	6.616442469320509
-3.434782608695652	6.659881971207779
-3.423913043478261	6.703221208446711
-3.41304347826087	6.746458326745225
-3.402173913043478	6.789591467592508
-3.391304347826087	6.832618768258992
-3.380434782608696	6.875538361796369
-3.369565217391304	6.91834837703759
-3.358695652173913	6.961046938596855
-3.347826086956522	7.00363216686962
-3.33695652173913	7.046102178032598
-3.326086956521739	7.088455084043759
-3.315217391304348	7.130688992642322
-3.304347826086957	7.172802007348769
-3.293478260869565	7.214792227464828
-3.282608695652174	7.256657748073492
-3.271739130434783	7.298396660038998
-3.260869565217391	7.340007050006853
-3.25	7.381487000403803
-3.239130434782609	7.422834589824576
-3.228260869565217	7.464047886760803
-3.217391304347826	7.50512496122906
-3.206521739130435	7.546063878574141
-3.195652173913043	7.586862699469065
-3.184782608695652	7.627519479915086
-3.173913043478261	7.668032271241688
-3.16304347826087	7.708399120106582
-3.152173913043478	7.748618068495714
-3.141304347826087	7.788687153723244
-3.130434782608696	7.82860440843158
-3.119565217391304	7.868367860591349
-3.108695652173913	7.907975533501411
-3.097826086956522	7.947425445788851
-3.08695652173913	7.98671561140899
-3.076086956521739	8.025844039645373
-3.065217391304348	8.064808735109773
-3.054347826086957	8.103607697742202
-3.043478260869565	8.142238922810888
-3.032608695652174	8.180700400912301
-3.021739130434783	8.218990117971124
-3.010869565217391	8.257106055240298
-3	8.29504618930096
-2.989130434782609	8.332808489686915
-2.978260869565217	8.370390912845975
-2.967391304347826	8.407791421035325
-2.956521739130435	8.445007970746017
-2.945652173913043	8.482038512702976
-2.934782608695652	8.518880991865011
-2.923913043478261	8.555533347424827
-2.91304347826087	8.591993512808994
-2.902173913043478	8.62825941567797
-2.891304347826087	8.664328977926093
-2.880434782608696	8.700200115681586
-2.869565217391304	8.735870739306547
-2.858695652173913	8.771338753396957
-2.847826086956522	8.806602056782683
-2.83695652173913	8.841658542527473
-2.826086956521739	8.876506097928949
-2.815217391304348	8.91114260451862
-2.804347826086957	8.945565938061879
-2.793478260869565	8.979773968557993
-2.782608695652174	9.013764560240118
-2.771739130434783	9.047535571575278
-2.760869565217391	9.081084855264404
-2.75	9.114410258242279
-2.739130434782609	9.14750961505006
-2.728260869565217	9.18038074294123
-2.717391304347826	9.213021470375088
-2.706521739130435	9.245429618029984
-2.695652173913043	9.277602998803342
-2.684782608695652	9.309539417811633
-2.673913043478261	9.341236672390417
-2.66304347826087	9.3726925520943
-2.652173913043478	9.403904838696956
-2.641304347826087	9.434871306191125
-2.630434782608696	9.465589720788618
-2.619565217391304	9.496057840920294
-2.608695652173913	9.526273417236087
-2.597826086956522	9.556234192605
-2.58695652173913	9.585937902115091
-2.576086956521739	9.615382273073488
-2.565217391304348	9.644565025006374
-2.554347826086957	9.673483869659009
-2.543478260869565	9.702136510995711
-2.532608695652174	9.73052064519986
-2.521739130434783	9.758633960673901
-2.510869565217391	9.786474138039356
-2.5	9.814038850136788
-2.489130434782609	9.841325748967281
-2.478260869565217	9.868332464190161
-2.467391304347826	9.895056642774108
-2.456521739130435	9.921495920639982
-2.445652173913043	9.947647922660815
-2.434782608695652	9.973510262661817
-2.423913043478261	9.9990805434204
-2.41304347826087	10.02435635666613
-2.402173913043478	10.04933528308075
-2.391304347826087	10.07401489229823
-2.380434782608696	10.09839274290465
-2.369565217391304	10.12246638243833
-2.358695652173913	10.14623334738975
-2.347826086956522	10.16969116320154
-2.33695652173913	10.19283734426857
-2.326086956521739	10.21566939393785
-2.315217391304348	10.23818480450856
-2.304347826086957	10.26038105723209
-2.293478260869565	10.28225562231199
-2.282608695652174	10.30380595890402
-2.271739130434783	10.32502951511607
-2.260869565217391	10.34592372800826
-2.25	10.36648602359285
-2.239130434782609	10.38671379413884
-2.228260869565217	10.40660440603374
-2.217391304347826	10.42615524747289
-2.206521739130435	10.44536369082257
-2.195652173913043	10.46422709262007
-2.184782608695652	10.48274279357362
-2.173913043478261	10.50090811856243
-2.16304347826087	10.51872037663671
-2.152173913043478	10.53617686101763
-2.141304347826087	10.55327484909732
-2.130434782608696	10.57001160243889
-2.119565217391304	10.58638436677645
-2.108695652173913	10.60239037201506
-2.097826086956522	10.61802683223076
-2.08695652173913	10.63329094567056
-2.076086956521739	10.64817989475246
-2.065217391304348	10.66269084606541
-2.054347826086957	10.67682095036935
-2.043478260869565	10.69056734259521
-2.032608695652174	10.70392714184485
-2.021739130434783	10.71689745139116
-2.010869565217391	10.72947535867795
-2	10.74165793532005
-1.989130434782609	10.75344220014346
-1.978260869565217	10.76482515270682
-1.967391304347826	10.7758038089288
-1.956521739130435	10.78637516287701
-1.945652173913043	10.79653618676804
-1.934782608695652	10.80628383096745
-1.923913043478261	10.8156150239898
-1.91304347826087	10.82452667249861
-1.902173913043478	10.83301566130639
-1.891304347826087	10.8410788533746
-1.880434782608696	10.84871308981371
-1.869565217391304	10.85591518988316
-1.858695652173913	10.86268195099135
-1.847826086956522	10.86901014869569
-1.83695652173913	10.87489653670253
-1.826086956521739	10.88033784686722
-1.815217391304348	10.88533078919409
-1.804347826086957	10.88987205183644
-1.793478260869565	10.89395830109654
-1.782608695652174	10.89758618142566
-1.771739130434783	10.90075231542401
-1.760869565217391	10.90345330384084
-1.75	10.9056857255743
-1.739130434782609	10.90744608051175
-1.728260869565217	10.90873089234321
-1.717391304347826	10.90953666012196
-1.706521739130435	10.90985985607776
-1.695652173913043	10.90969692561678
-1.684782608695652	10.90904428732168
-1.673913043478261	10.90789833295157
-1.66304347826087	10.90625542744201
-1.652173913043478	10.90411190890501
-1.641304347826087	10.90146408862904
-1.630434782608696	10.89830825107905
-1.619565217391304	10.89464065389639
-1.608695652173913	10.89045752789893
-1.597826086956522	10.88575507708094
-1.58695652173913	10.88052947861318
-1.576086956521739	10.87477688284287
-1.565217391304348	10.86849341329364
-1.554347826086957	10.86167516666563
-1.543478260869565	10.85431821283541
-1.532608695652174	10.846418594856
-1.521739130434783	10.83797232895688
-1.510869565217391	10.828975404544
-1.5	10.81942378419975
-1.489130434782609	10.80931332316062
-1.478260869565217	10.79864004882498
-1.467391304347826	10.78739981871536
-1.456521739130435	10.77558846804179
-1.445652173913043	10.76320180970186
-1.434782608695652	10.75023563428066
-1.423913043478261	10.73668571005084
-1.41304347826087	10.72254778297254
-1.402173913043478	10.70781757669348
-1.391304347826087	10.69249079254885
-1.380434782608696	10.67656310956142
-1.369565217391304	10.66003018444146
-1.358695652173913	10.64288765158679
-1.347826086956522	10.62513112308273
-1.33695652173913	10.60675618870216
-1.326086956521739	10.58775841590548
-1.315217391304348	10.56813334984059
-1.304347826086957	10.54787651334297
-1.293478260869565	10.52698340693559
-1.282608695652174	10.50544950882896
-1.271739130434783	10.48327027492113
-1.260869565217391	10.46044113879766
-1.25	10.43695751173166
-1.239130434782609	10.412814704899
-1.228260869565217	10.38800858862692
-1.217391304347826	10.36253447033085
-1.206521739130435	10.33638767300614
-1.195652173913043	10.30956353522804
-1.184782608695652	10.28205741115167
-1.173913043478261	10.25386467051207
-1.16304347826087	10.22498069862418
-1.152173913043478	10.19540089638285
-1.141304347826087	10.16512068026279
-1.130434782608696	10.13413548231866
-1.119565217391304	10.10244075018498
-1.108695652173913	10.07003194707618
-1.097826086956522	10.03690455178661
-1.08695652173913	10.00305405869049
-1.076086956521739	9.96847597774196
-1.065217391304348	9.933165834475048
-1.054347826086957	9.897119170003686
-1.043478260869565	9.860331541021706
-1.032608695652174	9.822798519802838
-1.021739130434783	9.784515694200703
-1.010869565217391	9.745478667648849
-1	9.705683059160688
-0.9891304347826086	9.665124610818317
-0.9782608695652174	9.623800277600473
-0.9673913043478261	9.581705709194528
-0.9565217391304348	9.538836691835352
-0.9456521739130435	9.4951891483053
-0.9347826086956522	9.450759137934222
-0.9239130434782609	9.405542856599476
-0.9130434782608696	9.359536636725892
-0.9021739130434783	9.312736947285812
-0.8913043478260869	9.265140393799053
-0.8804347826086957	9.21674371833295
-0.8695652173913043	9.167543799502313
-0.8586956521739131	9.117537652469453
-0.8478260869565217	9.066722428944171
-0.8369565217391304	9.015095417183767
-0.8260869565217391	8.962654041993034
-0.8152173913043479	8.909395864724249
-0.8043478260869565	8.855318583277201
-0.7934782608695652	8.800420032099158
-0.7826086956521739	8.744698182184885
-0.7717391304347826	8.688151141076638
-0.7608695652173914	8.630777152864185
-0.75	8.572574598184762
-0.7391304347826086	8.513543005269337
-0.7282608695652174	8.453682945537064
-0.7173913043478261	8.392993409248032
-0.7065217391304348	8.331473764647944
-0.6956521739130435	8.269123757968149
-0.6847826086956522	8.205943513425609
-0.6739130434782609	8.141933533222938
-0.6630434782608696	8.077094697548359
-0.6521739130434783	8.011428264575748
-0.6413043478260869	7.944935870464592
-0.6304347826086957	7.877619529360022
-0.6195652173913043	7.809481633392797
-0.6086956521739131	7.740524952679301
-0.5978260869565217	7.670752635321559
-0.5869565217391304	7.600168207407219
-0.5760869565217391	7.528775573009564
-0.5652173913043479	7.456579014187505
-0.5543478260869565	7.383583190985589
-0.5434782608695652	7.309793141433986
-0.5326086956521739	7.235214281548506
-0.5217391304347826	7.159852405330581
-0.5108695652173914	7.083713684767287
-0.5	7.006804669831313
-0.4891304347826087	6.929135317381538
-0.4782608695652174	6.850712547272789
-0.4673913043478261	6.771544844601988
-0.4565217391304348	6.691641255479323
-0.4456521739130435	6.611011387028241
-0.4347826086956522	6.529665407385465
-0.4239130434782609	6.447614045700987
-0.4130434782608696	6.364868592138063
-0.4021739130434783	6.281440897873225
-0.391304347826087	6.197343375096262
-0.3804347826086957	6.112588997010245
-0.3695652173913043	6.027191297831503
-0.3586956521739131	5.941164372789641
-0.3478260869565217	5.854522878127528
-0.3369565217391304	5.767282031101304
-0.3260869565217391	5.679457609980379
-0.3152173913043478	5.591065954047427
-0.3043478260869565	5.502123963598394
-0.2934782608695652	5.412649099942493
-0.2826086956521739	5.32265938540221
-0.2717391304347826	5.232173403313291
-0.2608695652173913	5.141210298024761
-0.25	5.049789774898906
-0.2391304347826087	4.957934349479388
-0.2282608695652174	4.865659394899692
-0.2173913043478261	4.772987005277063
-0.2065217391304348	4.679939491735087
-0.1956521739130435	4.586539382403692
-0.1847826086956522	4.492809422419146
-0.1739130434782609	4.398772573924068
-0.1630434782608696	4.304452016067415
-0.1521739130434783	4.209871145004492
-0.141304347826087	4.115053573896937
-0.1304347826086956	4.020023132912743
-0.1195652173913044	3.92480386922624
-0.1086956521739131	3.829420047018102
-0.09782608695652173	3.733896147475346
-0.08695652173913043	3.638256868791335
-0.07608695652173914	3.542527126165774
-0.06521739130434784	3.446732051804707
-0.05434782608695654	3.350896994920527
-0.04347826086956522	3.255047521731968
-0.03260869565217392	3.159209415464107
-0.02173913043478262	3.063408676348363
-0.0108695652173913	2.967671521622502
0	2.87202438553063
0.0108695652173913	2.776487351081251
0.02173913043478261	2.681080758472858
0.03260869565217391	2.58582499974096
0.04347826086956522	2.490740094354984
0.05434782608695652	2.395845689218286
0.06521739130434782	2.301161058668141
0.07608695652173914	2.206705104475755
0.08695652173913043	2.112496355846252
0.09782608695652173	2.018552969418684
0.108695652173913	1.924892729266025
0.1195652173913044	1.831533046895175
0.1304347826086956	1.738490961246958
0.1413043478260869	1.645783138696123
0.1521739130434783	1.553425873051341
0.1630434782608696	1.46143508555521
0.1739130434782609	1.36982632488425
0.1847826086956522	1.278614767148907
0.1956521739130435	1.187815215893549
0.2065217391304348	1.097442102096471
0.2173913043478261	1.007509484169892
0.2282608695652174	0.9180310479599514
0.2391304347826087	0.8290201067467191
0.25	0.7404896012441845
0.2608695652173913	0.6524479185214128
0.2717391304347826	0.5649093140111091
0.2826086956521739	0.4778844974069366
0.2934782608695652	0.3913837299339113
0.3043478260869565	0.3054168243484008
0.3152173913043478	0.2199931449381255
0.3260869565217391	0.1351216075221583
0.3369565217391304	0.05081067945092442
0.3478260869565217	-0.0329316203937987
0.358695652173913	-0.1160977215988812
0.3695652173913043	-0.1986805022198407
0.3804347826086957	-0.2806732887808421
0.3913043478260869	-0.3620698562746988
0.4021739130434783	-0.4428644281628711
0.4130434782608696	-0.5230516763754669
0.4239130434782609	-0.6026267213112422
0.4347826086956522	-0.6815851318375999
0.4456521739130435	-0.7599229252905912
0.4565217391304348	-0.8376365674749148
0.4673913043478261	-0.9147229726639163
0.4782608695652174	-0.9911795035995894
0.4891304347826087	-1.067003971492576
0.5	-1.142194636022165
0.5108695652173914	-1.216749405747403
0.5217391304347826	-1.290665430261211
0.5326086956521739	-1.363942091933649
0.5434782608695652	-1.436578980704719
0.5543478260869565	-1.508575894084362
0.5652173913043478	-1.579932837152459
0.5760869565217391	-1.650650022558835
0.5869565217391304	-1.720727870523253
0.5978260869565217	-1.790167008835418
0.6086956521739131	-1.858968272854975
0.6195652173913043	-1.927132705511512
0.6304347826086957	-1.994661557304554
0.6413043478260869	-2.061556286303571
0.6521739130434783	-2.127818558147973
0.6630434782608696	-2.193450246047108
0.6739130434782609	-2.258453430780268
0.6847826086956521	-2.322830400696683
0.6956521739130435	-2.386583651715528
0.7065217391304348	-2.449715887325913
0.7173913043478261	-2.512230018586895
0.7282608695652174	-2.574129164127467
0.7391304347826086	-2.635416650146568
0.75	-2.696096010413071
0.7608695652173914	-2.756169099528391
0.7717391304347826	-2.815639209063848
0.7826086956521739	-2.874509995826957
0.7934782608695652	-2.932785147214697
0.8043478260869565	-2.990468381213518
0.8152173913043478	-3.047563446399339
0.8260869565217391	-3.104074121937553
0.8369565217391304	-3.16000421758302
0.8478260869565217	-3.215357573680075
0.8586956521739131	-3.270138061162518
0.8695652173913043	-3.324349581553623
0.8804347826086957	-3.377996066966132
0.8913043478260869	-3.43108148010226
0.9021739130434783	-3.483609814253692
0.9130434782608696	-3.53558509330158
0.9239130434782609	-3.587011371716552
0.9347826086956521	-3.637892734558702
0.9456521739130435	-3.688233297477595
0.9565217391304348	-3.738037206712269
0.9673913043478261	-3.787308639091231
0.9782608695652174	-3.836051802032456
0.9891304347826086	-3.884270933543394
1	-3.931970302220963
1.010869565217391	-3.979153283753218
1.021739130434783	-4.025824149067757
1.032608695652174	-4.071987017322062
1.043478260869565	-4.11764597720165
1.054347826086957	-4.162805086920065
1.065217391304348	-4.207468374218883
1.076086956521739	-4.251639836367723
1.08695652173913	-4.295323440164221
1.097826086956522	-4.338523121934061
1.108695652173913	-4.381242787530946
1.119565217391304	-4.423486312336618
1.130434782608696	-4.465257541260854
1.141304347826087	-4.506560288741458
1.152173913043478	-4.547398338744267
1.16304347826087	-4.587775444763155
1.173913043478261	-4.627695329820024
1.184782608695652	-4.667161686464808
1.195652173913043	-4.706178176775478
1.206521739130435	-4.744748432358033
1.217391304347826	-4.782876054346508
1.228260869565217	-4.820564613402963
1.239130434782609	-4.857817649717505
1.25	-4.894638673008258
1.260869565217391	-4.9310309245207
1.271739130434783	-4.966997933690521
1.282608695652174	-5.002543057357912
1.293478260869565	-5.037669615109949
1.304347826086957	-5.072380889280577
1.315217391304348	-5.10668012495063
1.326086956521739	-5.140570529947824
1.33695652173913	-5.174055274846749
1.347826086956522	-5.207137492968883
1.358695652173913	-5.239820280382578
1.369565217391304	-5.272106695903072
1.380434782608696	-5.303999761092483
1.391304347826087	-5.335502460259809
1.402173913043478	-5.366617740460924
1.41304347826087	-5.397348511498594
1.423913043478261	-5.427697645922454
1.434782608695652	-5.45766797902903
1.445652173913043	-5.487262308861719
1.456521739130435	-5.516483396210806
1.467391304347826	-5.545333964613455
1.478260869565217	-5.573816700353706
1.489130434782609	-5.60193425246249
1.5	-5.629689232717608
1.510869565217391	-5.657084224468114
1.521739130434783	-5.68412184952735
1.532608695652174	-5.710804610407816
1.543478260869565	-5.737134980670837
1.554347826086957	-5.763115404926572
1.565217391304348	-5.788748298834011
1.576086956521739	-5.814036049100983
1.58695652173913	-5.838981013484146
1.597826086956522	-5.863585520788996
1.608695652173913	-5.88785187086986
1.619565217391304	-5.911782334629897
1.630434782608696	-5.935379154021103
1.641304347826087	-5.958644542044304
1.652173913043478	-5.981580682749164
1.66304347826087	-6.004189731234177
1.673913043478261	-6.026473813646672
1.684782608695652	-6.04843502718281
1.695652173913043	-6.07007544008759
1.706521739130435	-6.091397091654839
1.717391304347826	-6.112401992227223
1.728260869565217	-6.133092123196233
1.739130434782609	-6.153469437002207
1.75	-6.173535857134303
1.760869565217391	-6.193293340645112
1.771739130434783	-6.212743815773209
1.782608695652174	-6.231889135359669
1.793478260869565	-6.250731132770407
1.804347826086957	-6.269271621896158
1.815217391304348	-6.287512397152503
1.826086956521739	-6.305455233479862
1.83695652173913	-6.323101886343483
1.847826086956522	-6.340454091733456
1.858695652173913	-6.357513566164701
1.869565217391304	-6.374282006676983
1.880434782608696	-6.390761090834894
1.891304347826087	-6.406952476727868
1.902173913043478	-6.422857802970172
1.91304347826087	-6.43847868870091
1.923913043478261	-6.453816733584023
1.934782608695652	-6.468873517808285
1.945652173913043	-6.48365060208731
1.956521739130435	-6.498149527659543
1.967391304347826	-6.512371816288272
1.978260869565217	-6.526318970261612
1.989130434782609	-6.539992472392528
2	-6.553393786018803
2.010869565217391	-6.566524413120147
2.021739130434783	-6.579385820105692
2.032608695652174	-6.591979426857478
2.043478260869565	-6.604306641100724
2.054347826086957	-6.616368858403854
2.065217391304348	-6.628167462178473
2.076086956521739	-6.639703823679393
2.08695652173913	-6.650979302004607
2.097826086956522	-6.661995244095316
2.108695652173913	-6.672752984735899
2.119565217391304	-6.683253846553942
2.130434782608696	-6.693499140020218
2.141304347826087	-6.703490163448694
2.152173913043478	-6.713228202996533
2.16304347826087	-6.72271453266409
2.173913043478261	-6.731950414294913
2.184782608695652	-6.740937097575747
2.195652173913043	-6.749675820036528
2.206521739130435	-6.758167807050385
2.217391304347826	-6.766414271833644
2.228260869565217	-6.774416415445817
2.239130434782609	-6.782175426789625
2.25	-6.789692482610967
2.260869565217391	-6.796968790168321
2.271739130434783	-6.804005528890814
2.282608695652174	-6.810803850002987
2.293478260869565	-6.817364897594386
2.304347826086957	-6.823689808619539
2.315217391304348	-6.829779712897976
2.326086956521739	-6.835635733114232
2.33695652173913	-6.84125898481783
2.347826086956522	-6.846650576423292
2.358695652173913	-6.851811609210137
2.369565217391304	-6.856743177322884
2.380434782608696	-6.861446367771045
2.391304347826087	-6.865922260429132
2.402173913043478	-6.870171928036652
2.41304347826087	-6.874196436198111
2.423913043478261	-6.877996843383012
2.434782608695652	-6.881574200925851
2.445652173913043	-6.884929553026126
2.456521739130435	-6.888063936748329
2.467391304347826	-6.890978382021952
2.478260869565217	-6.893673911641477
2.489130434782609	-6.896151541266398
2.5	-6.898412279421186
2.510869565217391	-6.900457156325357
2.521739130434783	-6.90228718303814
2.532608695652174	-6.903903354058079
2.543478260869565	-6.905306660013442
2.554347826086957	-6.906498087662233
2.565217391304348	-6.9074786198922
2.576086956521739	-6.908249235720836
2.58695652173913	-6.908810910295362
2.597826086956522	-6.909164614892746
2.608695652173913	-6.909311316919691
2.619565217391304	-6.90925197991264
2.630434782608696	-6.908987563537778
2.641304347826087	-6.908519023591025
2.652173913043478	-6.907847311998041
2.66304347826087	-6.906973376814229
2.673913043478261	-6.905898162224725
2.684782608695652	-6.904622608544408
2.695652173913043	-6.903147652217895
2.706521739130435	-6.901474225819543
2.717391304347826	-6.899603258053448
2.728260869565217	-6.89753567375344
2.739130434782609	-6.8952723938831
2.75	-6.892814335535735
2.760869565217391	-6.890162430618607
2.771739130434783	-6.887317598494397
2.782608695652174	-6.884280749421188
2.793478260869565	-6.88105279182551
2.804347826086957	-6.87763463230236
2.815217391304348	-6.874027175615189
2.826086956521739	-6.870231324695923
2.83695652173913	-6.866247980644941
2.847826086956522	-6.862078042731087
2.858695652173913	-6.857722408391663
2.869565217391304	-6.853181973232439
2.880434782608696	-6.848457631027644
2.891304347826087	-6.843550273719971
2.902173913043478	-6.83846079142057
2.91304347826087	-6.833190072409058
2.923913043478261	-6.827739003133515
2.934782608695652	-6.822108468210477
2.945652173913043	-6.816299350424945
2.956521739130435	-6.810312530730385
2.967391304347826	-6.804148888248722
2.978260869565217	-6.797809300270338
2.989130434782609	-6.791294642254094
3	-6.784605787827291
3.010869565217391	-6.77774362046783
3.021739130434783	-6.770709015609381
3.032608695652174	-6.76350284437152
3.043478260869565	-6.756125977248352
3.054347826086957	-6.748579284108497
3.065217391304348	-6.740863634195096
3.076086956521739	-6.732979896125827
3.08695652173913	-6.724928937892874
3.097826086956522	-6.716711626862961
3.108695652173913	-6.708328829777321
3.119565217391304	-6.699781412751721
3.130434782608696	-6.691070241276444
3.141304347826087	-6.682196180216303
3.152173913043478	-6.673160093810629
3.16304347826087	-6.66396284567328
3.173913043478261	-6.654605298792637
3.184782608695652	-6.6450883155316
3.195652173913043	-6.635412757627599
3.206521739130435	-6.625579486192582
3.217391304347826	-6.615589361713026
3.228260869565217	-6.605443244049921
3.239130434782609	-6.595141992438797
3.25	-6.584686465489691
3.260869565217391	-6.574077528110828
3.271739130434783	-6.563316040065216
3.282608695652174	-6.552402859862499
3.293478260869565	-6.541338846028681
3.304347826086957	-6.530124857106125
3.315217391304348	-6.518761751653553
3.326086956521739	-6.507250388246057
3.33695652173913	-6.495591625475086
3.347826086956522	-6.483786321948455
3.358695652173913	-6.471835336290336
3.369565217391304	-6.459739527141266
3.380434782608696	-6.447499753158145
3.391304347826087	-6.435116873014237
3.402173913043478	-6.422591745399161
3.41304347826087	-6.409925229018905
3.423913043478261	-6.397118182595817
3.434782608695652	-6.384171464868607
3.445652173913043	-6.371085934592347
3.456521739130435	-6.357862450538471
3.467391304347826	-6.344501871494779
3.478260869565217	-6.331005056265423
3.489130434782609	-6.317372863670932
3.5	-6.303606152548183
3.510869565217391	-6.289705785429163
3.521739130434783	-6.275672621498144
3.532608695652174	-6.261507520594489
3.543478260869565	-6.247211342830839
3.554347826086957	-6.232784948593118
3.565217391304348	-6.21822919854053
3.576086956521739	-6.20354495360557
3.58695652173913	-6.188733074994007
3.597826086956522	-6.173794424184896
3.608695652173913	-6.158729862930579
3.619565217391304	-6.14354025325667
3.630434782608696	-6.128226457462078
3.641304347826087	-6.112789338118988
3.652173913043478	-6.097229758072868
3.66304347826087	-6.081548580442471
3.673913043478261	-6.065746668619832
3.684782608695652	-6.049824886270266
3.695652173913043	-6.033784097332377
3.706521739130435	-6.017625166018043
3.717391304347826	-6.001348956812434
3.728260869565217	-5.984956334473992
3.739130434782609	-5.968448164034457
3.75	-5.951825310798836
3.760869565217391	-5.93508864179008
3.771739130434783	-5.918239021744348
3.782608695652174	-5.901277317175448
3.793478260869565	-5.884204394862911
3.804347826086957	-5.867021121851989
3.815217391304348	-5.849728365453658
3.826086956521739	-5.832326993244624
3.83695652173913	-5.814817873067305
3.847826086956522	-5.797201873029854
3.858695652173913	-5.779479861506139
3.869565217391304	-5.761652707135757
3.880434782608696	-5.743721278824025
3.891304347826087	-5.725686445741988
3.902173913043478	-5.707549077326408
3.91304347826087	-5.689310043279779
3.923913043478261	-5.670970213570312
3.934782608695652	-5.652530458431942
3.945652173913043	-5.633991648364332
3.956521739130435	-5.615354654132862
3.967391304347826	-5.596620346768643
3.978260869565217	-5.577789597568502
3.989130434782609	-5.558863278095
4	-5.539842260176409
4.010869565217392	-5.520727415798427
4.021739130434782	-5.501519615236275
4.032608695652174	-5.482219731113456
4.043478260869565	-5.462828636129756
4.054347826086956	-5.443347203061255
4.065217391304348	-5.423776304760319
4.076086956521739	-5.40411681415562
4.086956521739131	-5.384369604252105
4.097826086956522	-5.36453554813103
4.108695652173913	-5.344615518949928
4.119565217391305	-5.324610389942637
4.130434782608695	-5.304521034419278
4.141304347826087	-5.284348325766269
4.152173913043478	-5.264093137446318
4.163043478260869	-5.243756342998427
4.173913043478261	-5.223338816037887
4.184782608695652	-5.202841430256284
4.195652173913043	-5.182265059421496
4.206521739130435	-5.161610577377691
4.217391304347826	-5.140878858045333
4.228260869565218	-5.12007077542117
4.239130434782608	-5.099187203578256
4.25	-5.078229016665922
4.260869565217392	-5.057197087721061
4.271739130434782	-5.036092288324093
4.282608695652174	-5.014915492579847
4.293478260869565	-4.993667574356557
4.304347826086956	-4.972349407285859
4.315217391304348	-4.950961864762793
4.326086956521739	-4.929505819945819
4.336956521739131	-4.907982145756783
4.347826086956522	-4.886391714880956
4.358695652173913	-4.864735399767
4.369565217391305	-4.843014072626993
4.380434782608695	-4.821228605436415
4.391304347826087	-4.799379869934154
4.402173913043478	-4.777468737622502
4.413043478260869	-4.755496079767157
4.423913043478261	-4.733462767397227
4.434782608695652	-4.711369671305222
4.445652173913043	-4.689217662047057
4.456521739130435	-4.667007609942059
4.467391304347826	-4.644740385072956
4.478260869565218	-4.622416857285882
4.489130434782608	-4.600037896190383
4.5	-4.577604371159403
4.510869565217392	-4.555117149397669
4.521739130434782	-4.532577096694984
4.532608695652174	-4.5099850812545
4.543478260869565	-4.487341970649248
4.554347826086956	-4.464648631822129
4.565217391304348	-4.441905931085916
4.576086956521739	-4.419114734123267
4.586956521739131	-4.396275905986709
4.597826086956522	-4.373390311098643
4.608695652173913	-4.350458813251349
4.619565217391305	-4.32748227560698
4.630434782608695	-4.304461560697566
4.641304347826087	-4.281397530425009
4.652173913043478	-4.258291046061088
4.663043478260869	-4.235142968247459
4.673913043478261	-4.211954156995652
4.684782608695652	-4.188725471687071
4.695652173913043	-4.165457771072995
4.706521739130435	-4.142151913274577
4.717391304347826	-4.118808755782854
4.728260869565218	-4.095429155458723
4.739130434782608	-4.072013968532973
4.75	-4.048564050606255
4.760869565217392	-4.025080254224526
4.771739130434782	-4.001563430424589
4.782608695652174	-3.97801443233271
4.793478260869565	-3.954434112003466
4.804347826086956	-3.93082332041975
4.815217391304348	-3.907182907492771
4.826086956521739	-3.883513722062061
4.836956521739131	-3.859816611895458
4.847826086956522	-3.836092423689123
4.858695652173913	-3.812342003067532
4.869565217391305	-3.788566194583476
4.880434782608695	-3.764765841718065
4.891304347826087	-3.740941786880722
4.902173913043478	-3.717094871409187
4.913043478260869	-3.693225935569519
4.923913043478261	-3.669335818556092
4.934782608695652	-3.645425358491593
4.945652173913043	-3.62149539242703
4.956521739130435	-3.597546756341724
4.967391304347826	-3.573580285143315
4.978260869565218	-3.549596812667756
4.989130434782608	-3.52559717167932
5	-3.501582193870594
5.010869565217392	-3.477552707137815
5.021739130434782	-3.45350953768959
5.032608695652174	-3.429453513343383
5.043478260869565	-3.40538546038115
5.054347826086956	-3.381306203549342
5.065217391304348	-3.357216566058902
5.076086956521739	-3.333117369585269
5.086956521739131	-3.309009434268379
5.097826086956522	-3.284893578712661
5.108695652173913	-3.260770619987035
5.119565217391305	-3.236641373624922
5.130434782608695	-3.212506653624233
5.141304347826087	-3.188367272447376
5.152173913043478	-3.164224041021252
5.163043478260869	-3.140077768737257
5.173913043478261	-3.115929263451283
5.184782608695652	-3.091779331483713
5.195652173913043	-3.06762877761943
5.206521739130435	-3.043478405107805
5.217391304347826	-3.019329015662712
5.228260869565218	-2.995181409462508
5.239130434782608	-2.971036385150059
5.25	-2.946894739832713
5.260869565217392	-2.9227572662134
5.271739130434782	-2.898624755079072
5.282608695652174	-2.874497998232739
5.293478260869565	-2.850377785476834
5.304347826086956	-2.826264904613221
5.315217391304348	-2.802160141443197
5.326086956521739	-2.778064279767487
5.336956521739131	-2.753978101386244
5.347826086956522	-2.729902386099058
5.358695652173913	-2.705837911704943
5.369565217391305	-2.681785454002346
5.380434782608695	-2.657745786789143
5.391304347826087	-2.63371968186264
5.402173913043478	-2.609707909019575
5.413043478260869	-2.585711236056115
5.423913043478261	-2.561730428767857
5.434782608695652	-2.537766250949828
5.445652173913043	-2.513819464396487
5.456521739130435	-2.48989082890172
5.467391304347826	-2.465981102258847
5.478260869565218	-2.442091040260613
5.489130434782608	-2.418221396699201
5.5	-2.394372923366216
5.510869565217392	-2.370546367165872
5.521739130434782	-2.346742472841122
5.532608695652174	-2.322961985477655
5.543478260869565	-2.299205647711865
5.554347826086956	-2.275474199730849
5.565217391304348	-2.251768379272406
5.576086956521739	-2.22808892162504
5.586956521739131	-2.204436559627958
5.597826086956522	-2.18081202367107
5.608695652173913	-2.157216041694991
5.619565217391305	-2.133649339191037
5.630434782608695	-2.110112639201231
5.641304347826087	-2.086606662318296
5.652173913043478	-2.06313212668566
5.663043478260869	-2.039689747997456
5.673913043478261	-2.016280239498518
5.684782608695652	-1.992904311984383
5.695652173913043	-1.969562673801296
5.706521739130435	-1.946256030846201
5.717391304347826	-1.922985086566747
5.728260869565218	-1.899750541961285
5.739130434782608	-1.876553095578875
5.75	-1.853393443519273
5.760869565217392	-1.830272276636579
5.771739130434782	-1.807190283378705
5.782608695652174	-1.784148151813411
5.793478260869565	-1.761146567141691
5.804347826086956	-1.73818621169778
5.815217391304348	-1.715267764949144
5.826086956521739	-1.692391903496487
5.836956521739131	-1.669559301073751
5.847826086956522	-1.646770628548111
5.858695652173913	-1.62402655391998
5.869565217391305	-1.601327742323007
5.880434782608695	-1.578674856024078
5.891304347826087	-1.556068554423313
5.902173913043478	-1.53350949405407
5.913043478260869	-1.510998328582943
5.923913043478261	-1.488535708809761
5.934782608695652	-1.46612228266759
5.945652173913043	-1.443758695222733
5.956521739130435	-1.421445588674727
5.967391304347826	-1.399183602356348
5.978260869565218	-1.376973372733604
5.989130434782608	-1.354815533405745
6	-1.332710715105252
6.010869565217392	-1.310659543083723
6.021739130434782	-1.28866263996083
6.032608695652174	-1.266720627227318
6.043478260869565	-1.244834123133702
6.054347826086956	-1.223003742690268
6.065217391304348	-1.201230097667072
6.076086956521739	-1.179513796593949
6.086956521739131	-1.1578554447605
6.097826086956522	-1.1362556442161
6.108695652173913	-1.114714993769897
6.119565217391305	-1.09323408899081
6.130434782608695	-1.071813522207531
6.141304347826087	-1.050453882508523
6.152173913043478	-1.029155755742023
6.163043478260869	-1.007919724516038
6.173913043478261	-0.9867463681983482
6.184782608695652	-0.9656362629165063
6.195652173913043	-0.9445899815578368
6.206521739130435	-0.9236080937694358
6.217391304347826	-0.9026911659581727
6.228260869565218	-0.8818397612906874
6.239130434782608	-0.8610544396933941
6.25	-0.840335757852477
6.260869565217392	-0.8196842668629488
6.271739130434782	-0.7991005149895427
6.282608695652174	-0.7785850486184441
6.293478260869565	-0.7581384105769485
6.304347826086956	-0.7377611401334611
6.315217391304348	-0.7174537729974984
6.326086956521739	-0.697216841319688
6.336956521739131	-0.6770508736917678
6.347826086956522	-0.6569563951465864
6.358695652173913	-0.6369339271581033
6.369565217391305	-0.616983987641388
6.380434782608695	-0.5971070909526218
6.391304347826087	-0.577303747889096
6.402173913043478	-0.5575744656892127
6.413043478260869	-0.5379197480324848
6.423913043478261	-0.5183400950395358
6.434782608695652	-0.4988360032720998
6.445652173913043	-0.479407965733022
6.456521739130435	-0.4600564718662577
6.467391304347826	-0.4407820075568735
6.478260869565218	-0.4215850551310459
6.489130434782608	-0.4024660933560634
6.5	-0.3834255974403239
6.510869565217392	-0.3644640370124659
6.521739130434782	-0.3455818787147997
6.532608695652174	-0.3267795865785243
6.543478260869565	-0.308057620821065
6.554347826086956	-0.2894164378460743
6.565217391304348	-0.2708564902434311
6.576086956521739	-0.2523782267892416
6.586956521739131	-0.2339820924458387
6.597826086956522	-0.215668528361782
6.608695652173913	-0.1974379718718577
6.619565217391305	-0.1792908564970794
6.630434782608695	-0.1612276119446872
6.641304347826087	-0.1432486641081479
6.652173913043478	-0.1253544350671553
6.663043478260869	-0.1075453430876301
6.673913043478261	-0.08982180262171961
6.684782608695652	-0.07218422430779815
6.695652173913043	-0.05463301497046679
6.706521739130435	-0.03716857762055335
6.717391304347826	-0.01979131145511266
6.728260869565218	-0.002501611857426204
6.739130434782608	0.01470012960299764
6.75	0.03181352517042364
6.760869565217392	0.04883819253502816
6.771739130434782	0.06577375248528064
6.782608695652174	0.08261982911441823
6.793478260869565	0.09937605051340488
6.804347826086956	0.1160420487709317
6.815217391304348	0.1326174599734168
6.826086956521739	0.1491019242050054
6.836956521739131	0.1654950855475697
6.847826086956522	0.181796592080709
6.858695652173913	0.1980060958817496
6.869565217391305	0.2141232530257451
6.880434782608695	0.2301477235854757
6.891304347826087	0.2460791716314489
6.902173913043478	0.2619172652318994
6.913043478260869	0.2776616764527887
6.923913043478261	0.2933120813578055
6.934782608695652	0.3088681600083655
6.945652173913043	0.3243295964636114
6.956521739130435	0.339696078780413
6.967391304347826	0.3549672990133673
6.978260869565218	0.370142953214798
6.989130434782608	0.3852227414347563
7	0.40020636772102
7.010869565217392	0.4150935413155716
7.021739130434782	0.4298839746210588
7.032608695652174	0.4445773839817277
7.043478260869565	0.4591734898473048
7.054347826086956	0.4736720167729973
7.065217391304348	0.4880726934194937
7.076086956521739	0.5023752525529637
7.086956521739131	0.5165794310450577
7.097826086956522	0.5306849698729069
7.108695652173913	0.5446916141191239
7.119565217391305	0.5585991129718018
7.130434782608695	0.5724072197245155
7.141304347826087	0.5861156917763198
7.152173913043478	0.5997242906317513
7.163043478260869	0.6132327819008273
7.173913043478261	0.6266409352990463
7.184782608695652	0.6399485246473871
7.195652173913043	0.6531553278723105
7.206521739130435	0.6662611270057572
7.217391304347826	0.6792657081851501
7.228260869565218	0.6921688616533916
7.239130434782608	0.7049703817588669
7.25	0.7176700669554404
7.260869565217392	0.730267720527735
7.271739130434782	0.7427631489312603
7.282608695652174	0.755156163126377
7.293478260869565	0.767446578207179
7.304347826086956	0.7796342134014922
7.315217391304348	0.7917188920708758
7.326086956521739	0.8037004417106225
7.336956521739131	0.8155786939497573
7.347826086956522	0.827353484551039
7.358695652173913	0.8390246534109578
7.369565217391305	0.8505920445597388
7.380434782608695	0.862055506161339
7.391304347826087	0.8734148905134484
7.402173913043478	0.8846700540474902
7.413043478260869	0.8958208573286209
7.423913043478261	0.9068671650557293
7.434782608695652	0.9178088460614371
7.445652173913043	0.9286457733121002
7.456521739130435	0.9393778239078059
7.467391304347826	0.9500048790823757
7.478260869565218	0.9605268242033629
7.489130434782608	0.9709435487720557
7.5	0.9812549464234728
7.510869565217392	0.9914609151577725
7.521739130434782	1.001561356101338
7.532608695652174	1.011556175361277
7.543478260869565	1.021445283125929
7.554347826086956	1.031228593664876
7.565217391304348	1.040906025328934
7.576086956521739	1.05047750055016
7.586956521739131	1.059942945841845
7.597826086956522	1.069302291798519
7.608695652173913	1.078555473095951
7.619565217391305	1.087702428491146
7.630434782608695	1.096743100822347
7.641304347826087	1.105677437009034
7.652173913043478	1.114505388051925
7.663043478260869	1.123226909032976
7.673913043478261	1.131841959115379
7.684782608695652	1.140350501543567
7.695652173913043	1.148752503643206
7.706521739130435	1.157047936821202
7.717391304347826	1.1652367765657
7.728260869565218	1.17331900244608
7.739130434782608	1.18129459811296
7.75	1.189163551298197
7.760869565217392	1.196925853540488
7.771739130434782	1.204581499411332
7.782608695652174	1.212130488835196
7.793478260869565	1.219572825685459
7.804347826086956	1.226908517784409
7.815217391304348	1.234137576903246
7.826086956521739	1.241260018762077
7.836956521739131	1.248275863029925
7.847826086956522	1.255185133324718
7.858695652173913	1.261987857213297
7.869565217391305	1.268684066211412
7.880434782608695	1.275273795783727
7.891304347826087	1.281757085343811
7.902173913043478	1.288133978254147
7.913043478260869	1.294404521826128
7.923913043478261	1.300568767320057
7.934782608695652	1.306626769945146
7.945652173913043	1.31257858885952
7.956521739130435	1.318424287170212
7.967391304347826	1.324163931933168
7.978260869565218	1.329797594153241
7.989130434782608	1.335325348784197
8	1.340747274728712
8.010869565217391	1.346063454063619
8.021739130434783	1.351273971751214
8.032608695652174	1.356378918368316
8.043478260869565	1.361378388231596
8.054347826086957	1.36627247939758
8.065217391304348	1.371061293662645
8.076086956521738	1.375744936563025
8.086956521739131	1.380323517374806
8.097826086956522	1.384797149113929
8.108695652173912	1.389165948536189
8.119565217391305	1.393430036137233
8.130434782608695	1.397589536152564
8.141304347826088	1.401644576557539
8.152173913043478	1.405595289067366
8.163043478260869	1.409441809137111
8.173913043478262	1.41318427596169
8.184782608695652	1.416822832475876
8.195652173913043	1.420357625354295
8.206521739130435	1.423788805011425
8.217391304347826	1.4271165256016
8.228260869565217	1.430340945019007
8.239130434782609	1.433462224897689
8.25	1.436480530611538
8.260869565217391	1.43939603001485
8.271739130434783	1.442208893657172
8.282608695652174	1.444919297841699
8.293478260869565	1.447527422330961
8.304347826086957	1.450033450346818
8.315217391304348	1.452437568570467
8.326086956521738	1.454739967142439
8.336956521739131	1.456940839662598
8.347826086956522	1.459040383190141
8.358695652173912	1.461038798243601
8.369565217391305	1.462936288800843
8.380434782608695	1.464733062299067
8.391304347826088	1.466429329634808
8.402173913043478	1.468025305163932
8.413043478260869	1.469521206701643
8.423913043478262	1.470917255522475
8.434782608695652	1.472213676360298
8.445652173913043	1.473410697408316
8.456521739130435	1.474508550319065
8.467391304347826	1.475507470204419
8.478260869565217	1.476407695635581
8.489130434782609	1.477209468643093
8.5	1.477913034716826
8.510869565217391	1.47851864109411
8.521739130434783	1.479026537473676
8.532608695652174	1.479436979322688
8.543478260869565	1.479750225222971
8.554347826086957	1.479966536871005
8.565217391304348	1.480086179077928
8.576086956521738	1.480109419769539
8.586956521739131	1.480036529986291
8.597826086956522	1.479867783883299
8.608695652173912	1.479603458730332
8.619565217391305	1.47924383491182
8.630434782608695	1.478789195926851
8.641304347826088	1.478239828389169
8.652173913043478	1.477596022027178
8.663043478260869	1.476858069683938
8.673913043478262	1.47602626731717
8.684782608695652	1.47510091399925
8.695652173913043	1.474082311917214
8.706521739130435	1.472970766372754
8.717391304347826	1.471766585782223
8.728260869565217	1.470470081676628
8.739130434782609	1.46908156870164
8.75	1.467601364617582
8.760869565217391	1.466029788178425
8.771739130434783	1.464367160331838
8.782608695652174	1.462613807681361
8.793478260869565	1.460770059545495
8.804347826086957	1.458836247957695
8.815217391304348	1.456812707666374
8.826086956521738	1.454699776134904
8.836956521739131	1.452497793541612
8.847826086956522	1.450207102779788
8.858695652173912	1.447828049457673
8.869565217391305	1.445360981898469
8.880434782608695	1.442806251140337
8.891304347826088	1.440164210936393
8.902173913043478	1.437435217754712
8.913043478260869	1.434619630778325
8.923913043478262	1.431717811905223
8.934782608695652	1.428730125748353
8.945652173913043	1.42565693963562
8.956521739130435	1.422498623609886
8.967391304347826	1.419255550428972
8.978260869565217	1.415928095565655
8.989130434782609	1.412516637207673
9	1.409021556257715
9.010869565217391	1.405443233860692
9.021739130434783	1.401782053054808
9.032608695652174	1.398038402300129
9.043478260869565	1.394212672327578
9.054347826086957	1.390305256138932
9.065217391304348	1.386316549006823
9.076086956521738	1.382246948474739
9.086956521739131	1.378096854357021
9.097826086956522	1.373866668738866
9.108695652173912	1.369556795976328
9.119565217391305	1.365167642696313
9.130434782608695	1.360699617796584
9.141304347826088	1.356153132445759
9.152173913043478	1.351528600083311
9.163043478260869	1.346826436419567
9.173913043478262	1.34204705943571
9.184782608695652	1.337190889383778
9.195652173913043	1.332258348786665
9.206521739130435	1.327249862438117
9.217391304347826	1.322165857402739
9.228260869565217	1.317006763015988
9.239130434782609	1.311773010884179
9.25	1.306465034884479
9.260869565217391	1.301083268405348
9.271739130434783	1.295628146405586
9.282608695652174	1.290100108916413
9.293478260869565	1.284499597763082
9.304347826086957	1.27882705656488
9.315217391304348	1.273082930735126
9.326086956521738	1.267267667481173
9.336956521739131	1.261381715804407
9.347826086956522	1.255425526500246
9.358695652173912	1.249399552158144
9.369565217391305	1.243304247161585
9.380434782608695	1.237140067688089
9.391304347826088	1.230907471709207
9.402173913043478	1.224606918990523
9.413043478260869	1.218238871091657
9.423913043478262	1.21180379136626
9.434782608695652	1.205302144962016
9.445652173913043	1.198734398820643
9.456521739130435	1.192101021677891
9.467391304347826	1.185402484063545
9.478260869565217	1.178639258301422
9.489130434782609	1.171811818509373
9.5	1.16492064059928
9.510869565217391	1.157966199304784
9.521739130434783	1.150948970586255
9.532608695652174	1.143869435025744
9.543478260869565	1.136728074502039
9.554347826086957	1.12952537219067
9.565217391304348	1.122261812563907
9.576086956521738	1.114937881390761
9.586956521739131	1.107554065736982
9.597826086956522	1.100110853965062
9.608695652173912	1.092608735734233
9.619565217391305	1.085048202000467
9.630434782608695	1.077429745016477
9.641304347826088	1.069753858331716
9.652173913043478	1.062021036792379
9.663043478260869	1.054231776541398
9.673913043478262	1.04638657501845
9.684782608695652	1.038485930959949
9.695652173913043	1.030530344399051
9.706521739130435	1.022520316665651
9.717391304347826	1.014456350386387
9.728260869565217	1.006338949484635
9.739130434782609	0.9981686191805131
9.75	0.9899458659908786
9.760869565217391	0.9816711946206337
9.771739130434783	0.9733451106464232
9.782608695652174	0.9649681237286054
9.793478260869565	0.9565407443187897
9.804347826086957	0.9480634836598361
9.815217391304348	0.9395368537858557
9.826086956521738	0.9309613675222109
9.836956521739131	0.9223375384855149
9.847826086956522	0.9136658810836328
9.858695652173912	0.9049469105156799
9.869565217391305	0.8961811427720227
9.880434782608695	0.8873690946342795
9.891304347826088	0.8785112836753189
9.902173913043478	0.8696082282592613
9.913043478260869	0.8606604475414773
9.923913043478262	0.8516684614685899
9.934782608695652	0.8426327907784715
9.945652173913043	0.8335539570002475
9.956521739130435	0.8244324824542926
9.967391304347826	0.8152688902522343
9.978260869565217	0.806063704296949
9.989130434782609	0.7968174492825673
10	0.7875306506944678
