0	2
0.003061224489795918	2.009602050745668
0.006122448979591836	2.018759460742956
0.009183673469387754	2.027473855243774
0.01224489795918367	2.035746878098355
0.01530612244897959	2.043580191755263
0.01836734693877551	2.050975477261383
0.02142857142857143	2.057934434261929
0.02448979591836735	2.064458781000444
0.02755102040816326	2.070550254318789
0.03061224489795918	2.07621060965716
0.0336734693877551	2.081441621054076
0.03673469387755102	2.086245081146381
0.03979591836734694	2.090622801169247
0.04285714285714286	2.094576610956172
0.04591836734693877	2.098108358938979
0.04897959183673469	2.101219912147819
0.05204081632653061	2.103913156211167
0.05510204081632653	2.106189995355827
0.05816326530612245	2.108052352406928
0.06122448979591837	2.109502168787926
0.06428571428571428	2.110541404520601
0.06734693877551021	2.111172038225062
0.07040816326530612	2.111396067119742
0.07346938775510203	2.111215507021402
0.07653061224489796	2.110632392345129
0.07959183673469387	2.109648776104335
0.08265306122448979	2.10826672991076
0.08571428571428572	2.10648834397447
0.08877551020408163	2.104315727103856
0.09183673469387754	2.101751006705635
0.09489795918367347	2.098796328784853
0.09795918367346938	2.09545385794488
0.1010204081632653	2.091725777387412
0.1040816326530612	2.087614288912472
0.1071428571428571	2.083121612918412
0.1102040816326531	2.078249988401904
0.113265306122449	2.073001672957953
0.1163265306122449	2.067378942779886
0.1193877551020408	2.061384092659357
0.1224489795918367	2.055019435986347
0.1255102040816327	2.048287304749163
0.1285714285714286	2.041190049534439
0.1316326530612245	2.033730039527133
0.1346938775510204	2.025909662510533
0.1377551020408163	2.017731324866249
0.1408163265306122	2.00919745157422
0.1438775510204082	2.000310486212712
0.1469387755102041	1.991072890958314
0.15	1.981487146585944
0.1530612244897959	1.971555788300981
0.1561224489795918	1.961280898027925
0.1591836734693877	1.950665015830835
0.1622448979591837	1.939710693108218
0.1653061224489796	1.928420492593031
0.1683673469387755	1.91679698835268
0.1714285714285714	1.90484276578902
0.1744897959183673	1.892560421638354
0.1775510204081633	1.879952563971435
0.1806122448979592	1.867021812193465
0.1836734693877551	1.853770797044095
0.186734693877551	1.840202160597425
0.1897959183673469	1.826318556262004
0.1928571428571428	1.812122648780829
0.1959183673469388	1.797617114231348
0.1989795918367347	1.782804640025454
0.2020408163265306	1.767687924909495
0.2051020408163265	1.752269678964263
0.2081632653061224	1.736552623605003
0.2112244897959183	1.720539491581404
0.2142857142857143	1.704233026977609
0.2173469387755102	1.687635985212207
0.2204081632653061	1.670751133038237
0.223469387755102	1.653581248543186
0.226530612244898	1.636129121148992
0.2295918367346939	1.618397551612041
0.2326530612244898	1.600389352023166
0.2357142857142857	1.582107345807654
0.2387755102040816	1.563554367725235
0.2418367346938775	1.544733263870092
0.2448979591836735	1.525646891670856
0.2479591836734694	1.506298119890607
0.2510204081632653	1.486689828626873
0.2540816326530612	1.466824909311633
0.2571428571428571	1.446706264711313
0.2602040816326531	1.426336808926789
0.263265306122449	1.405719467393387
0.2663265306122449	1.38485717688088
0.2693877551020408	1.36375288549349
0.2724489795918367	1.342409552669891
0.2755102040816326	1.320830149183202
0.2785714285714286	1.299017657140994
0.2816326530612245	1.276975069985286
0.2846938775510204	1.254705392492545
0.2877551020408163	1.232211640773688
0.2908163265306122	1.209496842274083
0.2938775510204081	1.186564035773542
0.2969387755102041	1.163416271386331
0.3	1.140056610561161
0.3030612244897959	1.116487956371193
0.3061224489795918	1.092713008884075
0.3091836734693877	1.068734854890941
0.3122448979591836	1.044556582730195
0.3153061224489796	1.020181282287512
0.3183673469387755	0.9956120449958369
0.3214285714285714	0.9708519638353817
0.3244897959183674	0.9459041333336297
0.3275510204081633	0.9207716495653321
0.3306122448979592	0.895457610152512
0.3336734693877551	0.8699651142644599
0.336734693877551	0.8442972626177366
0.3397959183673469	0.8184571574761734
0.3428571428571429	0.792447902650869
0.3459183673469388	0.7662726035001928
0.3489795918367347	0.7399343669297842
0.3520408163265306	0.713436301392551
0.3551020408163265	0.686781516888671
0.3581632653061224	0.6599731249655922
0.3612244897959184	0.6330142387180309
0.3642857142857143	0.6059079727879735
0.3673469387755102	0.5786574433646762
0.3704081632653061	0.551265768184664
0.373469387755102	0.5237360665317321
0.3765306122448979	0.4960714592369445
0.3795918367346939	0.4682750686786357
0.3826530612244898	0.4403500187824084
0.3857142857142857	0.412299435021136
0.3887755102040816	0.3841264444149609
0.3918367346938775	0.355834175531295
0.3948979591836734	0.3274257584848195
0.3979591836734694	0.2989043249374858
0.4010204081632653	0.270273008098514
0.4040816326530612	0.2415349427243941
0.4071428571428571	0.2126932651188859
0.410204081632653	0.183751113133018
0.4132653061224489	0.154711626165089
0.4163265306122449	0.125577945160667
0.4193877551020408	0.09635321261258965
0.4224489795918367	0.06704057256096357
0.4255102040816326	0.0376431705931656
0.4285714285714285	0.008164153843841684
0.4316326530612244	-0.02139332900509266
0.4346938775510204	-0.05102612772445232
0.4377551020408163	-0.08073109053778274
0.4408163265306122	-0.1105050641213599
0.4438775510204082	-0.1403448936041902
0.4469387755102041	-0.1702474225680106
0.45	-0.2002094930472884
0.4530612244897959	-0.2302282604346534
0.4561224489795918	-0.2603008317870103
0.4591836734693877	-0.2904240619996807
0.4622448979591836	-0.3205948145696139
0.4653061224489796	-0.3508099615953882
0.4683673469387755	-0.3810663837772096
0.4714285714285714	-0.4113609704169127
0.4744897959183673	-0.4416906194179601
0.4775510204081632	-0.4720522372854427
0.4806122448979591	-0.5024427391260801
0.4836734693877551	-0.5328590486482198
0.486734693877551	-0.5632980981618377
0.4897959183673469	-0.5937568285785382
0.4928571428571428	-0.6242321894115533
0.4959183673469387	-0.6547211387757437
0.4989795918367346	-0.6852206433875985
0.5020408163265305	-0.7157276785652351
0.5051020408163265	-0.7462392282283988
0.5081632653061224	-0.7767522848984637
0.5112244897959183	-0.8072638496984315
0.5142857142857142	-0.8377709323529328
0.5173469387755102	-0.8682705511882262
0.520408163265306	-0.8987597331321989
0.523469387755102	-0.9292355137143656
0.5265306122448979	-0.9596949370658698
0.5295918367346938	-0.9901350559194836
0.5326530612244897	-1.020552931609607
0.5357142857142857	-1.050945634072268
0.5387755102040815	-1.081310241845123
0.5418367346938775	-1.111643842067457
0.5448979591836735	-1.141943530480184
0.5479591836734693	-1.172206411425844
0.5510204081632653	-1.202429597848608
0.5540816326530612	-1.232610211294273
0.5571428571428571	-1.262745381910266
0.560204081632653	-1.29283224844564
0.563265306122449	-1.322867958251081
0.5663265306122448	-1.352849667278896
0.5693877551020408	-1.382774540083027
0.5724489795918367	-1.412639749819041
0.5755102040816327	-1.442442478244134
0.5785714285714285	-1.472179915717129
0.5816326530612245	-1.501849261198481
0.5846938775510204	-1.531447722250268
0.5877551020408163	-1.560972515036201
0.5908163265306122	-1.590420864321616
0.5938775510204082	-1.619790003473479
0.596938775510204	-1.649077174460384
0.6	-1.678279627852554
0.6030612244897959	-1.707395010306762
0.6061224489795918	-1.736420698790103
0.6091836734693877	-1.765353991946703
0.6122448979591837	-1.794192205535462
0.6153061224489795	-1.822932672430061
0.6183673469387755	-1.851572742618957
0.6214285714285714	-1.880109783205382
0.6244897959183673	-1.90854117840735
0.6275510204081632	-1.936864329557645
0.6306122448979592	-1.965076655103835
0.633673469387755	-1.993175590608262
0.636734693877551	-2.021158588748046
0.6397959183673469	-2.049023119315084
0.6428571428571428	-2.076766669216048
0.6459183673469387	-2.10438674247239
0.6489795918367347	-2.131880860220339
0.6520408163265305	-2.1592465607109
0.6551020408163265	-2.186481399309855
0.6581632653061225	-2.213582948497764
0.6612244897959183	-2.240548797869964
0.6642857142857143	-2.26737655413657
0.6673469387755102	-2.294063841122472
0.6704081632653061	-2.320608299767338
0.673469387755102	-2.347007588125614
0.676530612244898	-2.373259381366523
0.6795918367346938	-2.399361371774064
0.6826530612244898	-2.425311268747014
0.6857142857142857	-2.451106798798929
0.6887755102040816	-2.476745705558138
0.6918367346938775	-2.50222574976775
0.6948979591836735	-2.527544709285651
0.6979591836734693	-2.552700379084504
0.7010204081632653	-2.577690571251749
0.7040816326530612	-2.602513114989601
0.7071428571428571	-2.627165856615058
0.710204081632653	-2.651646659559888
0.713265306122449	-2.675953404370642
0.7163265306122448	-2.700083988708643
0.7193877551020408	-2.724036327349996
0.7224489795918367	-2.74780835218558
0.7255102040816326	-2.771398012221055
0.7285714285714285	-2.794803273576851
0.7316326530612245	-2.818022119488182
0.7346938775510203	-2.841052550305036
0.7377551020408163	-2.863892583492178
0.7408163265306122	-2.886540253629154
0.7438775510204081	-2.90899361241028
0.746938775510204	-2.931250728644657
0.75	-2.953309688256157
0.753061224489796	-2.975168975975512
0.7561224489795918	-2.996826648716771
0.7591836734693878	-3.018280866283443
0.7622448979591837	-3.039529810904932
0.7653061224489796	-3.060571687236534
0.7683673469387755	-3.081404722359436
0.7714285714285715	-3.102027165780718
0.7744897959183673	-3.122437289433353
0.7775510204081633	-3.142633387676203
0.7806122448979592	-3.162613777294026
0.7836734693877551	-3.182376797497473
0.786734693877551	-3.201920809923082
0.789795918367347	-3.221244198633291
0.7928571428571428	-3.240345370116421
0.7959183673469388	-3.259222753286692
0.7989795918367347	-3.277874799484214
0.8020408163265306	-3.29629998247499
0.8051020408163265	-3.314496798450914
0.8081632653061225	-3.332463766029774
0.8112244897959183	-3.350199426255247
0.8142857142857143	-3.367702342596907
0.8173469387755102	-3.384971100950218
0.8204081632653061	-3.402004309636534
0.823469387755102	-3.418800599403105
0.826530612244898	-3.43535862342307
0.8295918367346938	-3.451677057295462
0.8326530612244898	-3.467754599045207
0.8357142857142857	-3.483589969123122
0.8387755102040816	-3.499181910405917
0.8418367346938775	-3.514529188196192
0.8448979591836735	-3.529630590222443
0.8479591836734693	-3.544484926639055
0.8510204081632653	-3.559091030026308
0.8540816326530613	-3.573447755390371
0.8571428571428571	-3.587553980163308
0.8602040816326531	-3.601408604203075
0.863265306122449	-3.615010549793519
0.8663265306122448	-3.62835876164438
0.8693877551020408	-3.641452206891288
0.8724489795918368	-3.654289875095771
0.8755102040816327	-3.666870778245244
0.8785714285714286	-3.679193950753015
0.8816326530612245	-3.691258449458285
0.8846938775510205	-3.703063353626149
0.8877551020408163	-3.714607764947591
0.8908163265306123	-3.725890807539491
0.8938775510204082	-3.736911627944616
0.8969387755102041	-3.747669395131632
0.8999999999999999	-3.75816330049509
0.9030612244897959	-3.768392861190526
0.9061224489795917	-3.778357095781851
0.9091836734693877	-3.788055281472636
0.9122448979591836	-3.797486719099413
0.9153061224489795	-3.806650733131677
0.9183673469387754	-3.815546671671892
0.9214285714285714	-3.824173906455482
0.9244897959183672	-3.832531832850838
0.9275510204081632	-3.840619869859313
0.9306122448979591	-3.848437460115228
0.933673469387755	-3.855984069885869
0.9367346938775509	-3.86325918907148
0.9397959183673469	-3.870262331205278
0.9428571428571427	-3.876993033453439
0.9459183673469387	-3.883450856615103
0.9489795918367346	-3.889635385122376
0.9520408163265305	-3.895546227040334
0.9551020408163264	-3.901183014067005
0.9581632653061224	-3.906545401533395
0.9612244897959182	-3.911633068403467
0.9642857142857142	-3.916445717274147
0.9673469387755101	-3.920983074375333
0.970408163265306	-3.925244889569877
0.9734693877551019	-3.929230936353607
0.9765306122448979	-3.932941011855305
0.9795918367346937	-3.936374936836727
0.9826530612244897	-3.939532555692585
0.9857142857142857	-3.942413736450562
0.9887755102040815	-3.945018370771301
0.9918367346938775	-3.947346373948413
0.9948979591836734	-3.94939768490847
0.9979591836734693	-3.951172266211013
1.001020408163265	-3.952670104048543
1.004081632653061	-3.953891208246526
1.007142857142857	-3.954835612263397
1.010204081632653	-3.955503373190551
1.013265306122449	-3.955894571752349
1.016326530612245	-3.956009312306116
1.019387755102041	-3.95584772284214
1.022448979591837	-3.955409954983678
1.025510204081633	-3.95469618398695
1.028571428571428	-3.953706608741136
1.031632653061224	-3.952441451768386
1.03469387755102	-3.950900959223811
1.037755102040816	-3.949085400895491
1.040816326530612	-3.946995070204463
1.043877551020408	-3.944630284204735
1.046938775510204	-3.941991383583278
1.05	-3.939078732660026
1.053061224489796	-3.935892889452844
1.056122448979592	-3.93243393886237
1.059183673469388	-3.928702327288727
1.062244897959184	-3.924698521758135
1.06530612244898	-3.920423009922902
1.068367346938776	-3.915876300061444
1.071428571428571	-3.911058921078263
1.074489795918367	-3.905971422503959
1.077551020408163	-3.900614374495223
1.080612244897959	-3.894988367834851
1.083673469387755	-3.889094013931731
1.086734693877551	-3.882931944820837
1.089795918367347	-3.876502813163254
1.092857142857143	-3.869807292246146
1.095918367346939	-3.862846075982786
1.098979591836735	-3.855619878912534
1.102040816326531	-3.848129436200849
1.105102040816327	-3.840375503639284
1.108163265306122	-3.832358857645488
1.111224489795918	-3.824080295263205
1.114285714285714	-3.815540634162276
1.11734693877551	-3.806740712638634
1.120408163265306	-3.79768138961431
1.123469387755102	-3.788363544637429
1.126530612244898	-3.778788077882212
1.129591836734694	-3.768955910148975
1.13265306122449	-3.75886798286413
1.135714285714286	-3.748525258080184
1.138775510204082	-3.737928718475738
1.141836734693878	-3.727079367355492
1.144897959183673	-3.715978228650237
1.147959183673469	-3.704626346916863
1.151020408163265	-3.69302478733835
1.154081632653061	-3.681174635723781
1.157142857142857	-3.669076998508329
1.160204081632653	-3.656733002753263
1.163265306122449	-3.64414379614595
1.166326530612245	-3.631310546999848
1.169387755102041	-3.618234444254513
1.172448979591837	-3.604916697475597
1.175510204081633	-3.591358536854849
1.178571428571429	-3.577561213210105
1.181632653061224	-3.563525997985307
1.184693877551021	-3.549254183250484
1.187755102040816	-3.534747081701767
1.190816326530612	-3.520006026661378
1.193877551020408	-3.505032372077634
1.196938775510204	-3.489827492524952
1.2	-3.474392783203838
1.203061224489796	-3.458729668489084
1.206122448979592	-3.44283921298544
1.209183673469388	-3.426722875732284
1.212244897959184	-3.410382129846189
1.21530612244898	-3.393818462520939
1.218367346938775	-3.37703337502752
1.221428571428571	-3.360028382714117
1.224489795918367	-3.342805015006119
1.227551020408163	-3.325364815406118
1.230612244897959	-3.307709341493911
1.233673469387755	-3.289840164926497
1.236734693877551	-3.271758871438076
1.239795918367347	-3.253467060840052
1.242857142857143	-3.234966347021031
1.245918367346939	-3.216258357946824
1.248979591836735	-3.197344735660442
1.252040816326531	-3.178227136282101
1.255102040816326	-3.158907230009218
1.258163265306122	-3.139386701116416
1.261224489795918	-3.119667247955518
1.264285714285714	-3.09975058295555
1.26734693877551	-3.079638432622742
1.270408163265306	-3.059332537540525
1.273469387755102	-3.038834652369535
1.276530612244898	-3.01814654584761
1.279591836734694	-2.997270000789791
1.28265306122449	-2.976206814088321
1.285714285714286	-2.954958796712647
1.288775510204082	-2.933527773709418
1.291836734693877	-2.911915584202485
1.294897959183673	-2.890124081392904
1.297959183673469	-2.868155132558933
1.301020408163265	-2.846010619056032
1.304081632653061	-2.823692436316865
1.307142857142857	-2.801202493851298
1.310204081632653	-2.778542715246399
1.313265306122449	-2.755715038166442
1.316326530612245	-2.7327214143529
1.319387755102041	-2.709563809624451
1.322448979591837	-2.686244203876976
1.325510204081633	-2.662764591083559
1.328571428571429	-2.639126979294484
1.331632653061224	-2.615333390637241
1.33469387755102	-2.591385861316521
1.337755102040816	-2.567286441614221
1.340816326530612	-2.543037195889436
1.343877551020408	-2.518640202578466
1.346938775510204	-2.494097554194816
1.35	-2.469411357329191
1.353061224489796	-2.44458358231321
1.356122448979592	-2.41961601689836
1.359183673469388	-2.394510802538843
1.362244897959183	-2.369270085980135
1.36530612244898	-2.34389601925899
1.368367346938775	-2.318390759703449
1.371428571428571	-2.292756469932825
1.374489795918367	-2.266995317857712
1.377551020408163	-2.241109476679983
1.380612244897959	-2.215101124892792
1.383673469387755	-2.188972446280571
1.386734693877551	-2.162725629919029
1.389795918367347	-2.136362870175158
1.392857142857143	-2.109886366707226
1.395918367346939	-2.08329832446478
1.398979591836734	-2.056600953688651
1.402040816326531	-2.029796469910942
1.405102040816326	-2.00288709395504
1.408163265306122	-1.97587505193561
1.411224489795918	-1.948762575258596
1.414285714285714	-1.921551900621221
1.41734693877551	-1.894245270011987
1.420408163265306	-1.866844930710675
1.423469387755102	-1.839353135288346
1.426530612244898	-1.811772141607339
1.429591836734694	-1.784104212821274
1.43265306122449	-1.756351617375048
1.435714285714285	-1.728516629004837
1.438775510204082	-1.700601526738099
1.441836734693877	-1.672608594893567
1.444897959183673	-1.644540123081258
1.447959183673469	-1.616398406202464
1.451020408163265	-1.588185744449758
1.454081632653061	-1.559904443306991
1.457142857142857	-1.531556813549295
1.460204081632653	-1.50314517124308
1.463265306122449	-1.474671837746035
1.466326530612245	-1.446139139707127
1.469387755102041	-1.417549409066605
1.472448979591837	-1.388904983055996
1.475510204081633	-1.360208204198104
1.478571428571428	-1.331461420307015
1.481632653061224	-1.302666984488093
1.48469387755102	-1.273827255137981
1.487755102040816	-1.244944595944601
1.490816326530612	-1.216021375887153
1.493877551020408	-1.187059969236121
1.496938775510204	-1.158062755553261
1.5	-1.129032119691614
1.503061224489796	-1.099970174652425
1.506122448979592	-1.070879056868534
1.509183673469388	-1.041761151990469
1.512244897959184	-1.012618841615861
1.51530612244898	-0.9834545032894433
1.518367346938776	-0.9542705105030577
1.521428571428571	-0.9250692326956479
1.524489795918367	-0.8958530352532613
1.527551020408163	-0.8666242795090499
1.530612244897959	-0.837385322743271
1.533673469387755	-0.8081385181832851
1.536734693877551	-0.7788862150035565
1.539795918367347	-0.7496307583256557
1.542857142857143	-0.7203744892182551
1.545918367346939	-0.6911197446971326
1.548979591836735	-0.6618688577251698
1.552040816326531	-0.6326241572123531
1.555102040816327	-0.6033879680157723
1.558163265306122	-0.5741626109396227
1.561224489795918	-0.5449504027352026
1.564285714285714	-0.5157536561009148
1.56734693877551	-0.486574679682267
1.570408163265306	-0.4574157780718701
1.573469387755102	-0.4282792518094399
1.576530612244898	-0.3991673973817962
1.579591836734694	-0.3700825072228634
1.58265306122449	-0.3410268697136693
1.585714285714286	-0.3120027691823469
1.588775510204082	-0.2830124859041326
1.591836734693878	-0.2540582961013677
1.594897959183673	-0.225142471943497
1.597959183673469	-0.1962672815470702
1.601020408163265	-0.1674349889757409
1.604081632653061	-0.1386478542402668
1.607142857142857	-0.1099081332985104
1.610204081632653	-0.08121807805543764
1.613265306122449	-0.05257993636311914
1.616326530612245	-0.02399595202072968
1.619387755102041	0.004531635225451591
1.622448979591837	0.03300058968204175
1.625510204081633	0.06140867970855328
1.628571428571429	0.0897536777173944
1.631632653061224	0.1180333601738693
1.63469387755102	0.1462455075961779
1.637755102040816	0.1743879045554159
1.640816326530612	0.2024583396755747
1.643877551020408	0.2304546056335415
1.646938775510204	0.2583744991590994
1.65	0.2862158210349272
1.653061224489796	0.3139767252977331
1.656122448979592	0.3416551470490976
1.659183673469388	0.3692489190138116
1.662244897959184	0.3967558861402127
1.66530612244898	0.4241739056001857
1.668367346938775	0.4515008467891629
1.671428571428571	0.4787345913261241
1.674489795918367	0.5058730330535953
1.677551020408163	0.5329140780376503
1.680612244897959	0.5598556445679104
1.683673469387755	0.5866956631575438
1.686734693877551	0.6134320765432659
1.689795918367347	0.6400628396853394
1.692857142857143	0.666585919767574
1.695918367346939	0.6929992961973264
1.698979591836735	0.7193009606055013
1.702040816326531	0.7454889168465499
1.705102040816326	0.7715611809984708
1.708163265306122	0.7975157813628101
1.711224489795918	0.8233507584646604
1.714285714285714	0.8490641650526628
1.71734693877551	0.8746540660990038
1.720408163265306	0.9001185387994186
1.723469387755102	0.9254556725731889
1.726530612244898	0.9506635690631438
1.729591836734694	0.9757403421356594
1.73265306122449	1.000684117880659
1.735714285714286	1.025493034611615
1.738775510204082	1.050165242865542
1.741836734693877	1.074698905403008
1.744897959183673	1.099092197208124
1.747959183673469	1.12334330548855
1.751020408163265	1.147450429675493
1.754081632653061	1.171411781423706
1.757142857142857	1.19522558461149
1.760204081632653	1.218890075340694
1.763265306122449	1.242403501936713
1.766326530612245	1.265764124948491
1.769387755102041	1.288970217148516
1.772448979591837	1.312020063532827
1.775510204081633	1.334911961321007
1.778571428571428	1.357644219956188
1.781632653061224	1.380215161105049
1.78469387755102	1.402623118657815
1.787755102040816	1.42486643872826
1.790816326530612	1.446943479653705
1.793877551020408	1.468852611995016
1.796938775510204	1.490592218536609
1.8	1.512160694286445
1.803061224489796	1.533556801099823
1.806122448979592	1.554778933164013
1.809183673469388	1.575825542859134
1.812244897959183	1.596695100323406
1.815306122448979	1.617386093453153
1.818367346938775	1.637897027902801
1.821428571428571	1.658226427084879
1.824489795918367	1.678372832170014
1.827551020408163	1.69833480208694
1.830612244897959	1.718110913522493
1.833673469387755	1.737699760921607
1.836734693877551	1.757099956487322
1.839795918367347	1.77631013018078
1.842857142857143	1.795328929721223
1.845918367346939	1.814155020585997
1.848979591836734	1.83278708601055
1.852040816326531	1.851223826988431
1.855102040816326	1.869463962271294
1.858163265306122	1.887506228368892
1.861224489795918	1.905349379549081
1.864285714285714	1.922992187837822
1.86734693877551	1.940433443019174
1.870408163265306	1.957671952635301
1.873469387755102	1.974706541986469
1.876530612244898	1.991536054131044
1.879591836734694	2.008159349885498
1.88265306122449	2.024575307824401
1.885714285714285	2.040782824280428
1.888775510204082	2.056780813344357
1.891836734693877	2.072568206865065
1.894897959183673	2.088143954449533
1.897959183673469	2.103507023462845
1.901020408163265	2.118656399028186
1.904081632653061	2.133591084026842
1.907142857142857	2.148310099098206
1.910204081632653	2.162812482639767
1.913265306122449	2.177097290807122
1.916326530612245	2.191163597513965
1.919387755102041	2.205010494432095
1.922448979591836	2.218637090991412
1.925510204081633	2.232042514379923
1.928571428571428	2.245225909543728
1.931632653061224	2.258186439187038
1.93469387755102	2.270923283772162
1.937755102040816	2.283435641519512
1.940816326530612	2.295722728407601
1.943877551020408	2.307783778173046
1.946938775510204	2.319618042310565
1.95	2.33122479007298
1.953061224489796	2.342603602718526
1.956122448979592	2.353753618406293
1.959183673469388	2.364674177430334
1.962244897959184	2.375364639811978
1.96530612244898	2.385824385299822
1.968367346938775	2.396052813369739
1.971428571428571	2.406049343224871
1.974489795918367	2.415813413795631
1.977551020408163	2.425344483739707
1.980612244897959	2.434642031442058
1.983673469387755	2.443705555014916
1.986734693877551	2.452534572297783
1.989795918367347	2.461128620857435
1.992857142857143	2.469487257987917
1.995918367346939	2.477610060710548
1.998979591836735	2.48549662577392
2.00204081632653	2.493146569653895
2.005102040816326	2.500559528553608
2.008163265306123	2.507735158403467
2.011224489795918	2.51467313486115
2.014285714285714	2.521373153311607
2.01734693877551	2.527834928867064
2.020408163265306	2.534058196367012
2.023469387755102	2.54004271037822
2.026530612244898	2.545788245194727
2.029591836734694	2.551294594837843
2.03265306122449	2.556561573056151
2.035714285714286	2.561589013325507
2.038775510204081	2.566376768849037
2.041836734693877	2.57092471255714
2.044897959183674	2.575232737107488
2.047959183673469	2.579300754885022
2.051020408163265	2.583128698001957
2.054081632653061	2.586716518297781
2.057142857142857	2.590064187339253
2.060204081632653	2.593171696420403
2.063265306122449	2.596039056562536
2.066326530612245	2.598666298514225
2.069387755102041	2.601053472751316
2.072448979591837	2.60320064947693
2.075510204081632	2.605107918621457
2.078571428571428	2.60677538984256
2.081632653061225	2.608203192525174
2.08469387755102	2.609391475781506
2.087755102040816	2.610340408451034
2.090816326530612	2.611050179100511
2.093877551020408	2.611520996023958
2.096938775510204	2.611753087242671
2.1	2.611746700505216
2.103061224489796	2.611502284453529
2.106122448979592	2.611019854590357
2.109183673469388	2.610299729480619
2.112244897959184	2.609342245582551
2.11530612244898	2.608147757247711
2.118367346938776	2.606716636720971
2.121428571428571	2.605049274140527
2.124489795918367	2.60314607753789
2.127551020408164	2.601007472837889
2.130612244897959	2.598633903858677
2.133673469387755	2.596025832311721
2.136734693877551	2.593183737801811
2.139795918367347	2.590108117827052
2.142857142857143	2.586799487778868
2.145918367346939	2.583258380942005
2.148979591836735	2.579485348494525
2.152040816326531	2.575480959507809
2.155102040816327	2.571245800946559
2.158163265306122	2.566780477668793
2.161224489795918	2.562085612425851
2.164285714285715	2.557161845862388
2.16734693877551	2.552009836516381
2.170408163265306	2.546630260819126
2.173469387755102	2.541023813095234
2.176530612244898	2.535191205562638
2.179591836734694	2.529133168332591
2.18265306122449	2.52285044940966
2.185714285714286	2.516343814691736
2.188775510204082	2.509614047970026
2.191836734693878	2.502661950929056
2.194897959183673	2.495488343146672
2.197959183673469	2.488094062094039
2.201020408163266	2.480479963135638
2.204081632653061	2.472646919529272
2.207142857142857	2.46459582242606
2.210204081632653	2.456327580870443
2.213265306122449	2.44784312180018
2.216326530612245	2.439143390046346
2.219387755102041	2.430229348333338
2.222448979591837	2.421101977278871
2.225510204081633	2.411762275393978
2.228571428571429	2.402211259083011
2.231632653061224	2.392449962643642
2.23469387755102	2.382479438266861
2.237755102040817	2.372300756036976
2.240816326530612	2.361915003931616
2.243877551020408	2.351323287821726
2.246938775510204	2.340526731471573
2.25	2.32952647653874
2.253061224489796	2.318323720566287
2.256122448979592	2.306919319047268
2.259183673469388	2.295314470857877
2.262244897959184	2.283510387609709
2.26530612244898	2.27150829364977
2.268367346938776	2.259309426060467
2.271428571428571	2.246915034659617
2.274489795918367	2.23432638200044
2.277551020408163	2.221544743371561
2.280612244897959	2.208571406797013
2.283673469387755	2.195407673036235
2.286734693877551	2.182054855584066
2.289795918367347	2.16851428067076
2.292857142857143	2.154787287261968
2.295918367346939	2.140875227058752
2.298979591836735	2.126779464497577
2.302040816326531	2.112501376750315
2.305102040816327	2.098042353724244
2.308163265306122	2.083403798062045
2.311224489795918	2.068587125141809
2.314285714285714	2.053593763077028
2.31734693877551	2.038425152716605
2.320408163265306	2.023082747644842
2.323469387755102	2.007568014181452
2.326530612244898	1.991882431381553
2.329591836734694	1.976027491035666
2.33265306122449	1.96000469766972
2.335714285714286	1.943815568545049
2.338775510204082	1.927461633658392
2.341836734693878	1.910944435741896
2.344897959183673	1.89426553026311
2.347959183673469	1.877426485424991
2.351020408163265	1.860428882165903
2.354081632653061	1.843274314159612
2.357142857142857	1.825964387815292
2.360204081632653	1.808500722277524
2.363265306122449	1.790884949426291
2.366326530612245	1.773118713876985
2.369387755102041	1.755203672980401
2.372448979591837	1.737141496822742
2.375510204081633	1.718933868225617
2.378571428571429	1.700582482746036
2.381632653061224	1.68208904867642
2.38469387755102	1.663455287044594
2.387755102040816	1.644682931613789
2.390816326530612	1.625773728882638
2.393877551020408	1.606729438085186
2.396938775510204	1.587551831190879
2.4	1.568242692904569
2.403061224489796	1.548803713060103
2.406122448979592	1.529236392243927
2.409183673469387	1.5095425484158
2.412244897959184	1.489724004875756
2.41530612244898	1.469782590264109
2.418367346938775	1.449720138561457
2.421428571428571	1.429538489088672
2.424489795918367	1.409239486506907
2.427551020408163	1.388824980817593
2.430612244897959	1.368296827362443
2.433673469387755	1.347656886823448
2.436734693877551	1.326907025222877
2.439795918367347	1.30604911392328
2.442857142857143	1.285085029627485
2.445918367346938	1.264016654378601
2.448979591836735	1.242845875560014
2.452040816326531	1.22157458589539
2.455102040816326	1.200204683448676
2.458163265306122	1.178738071624097
2.461224489795918	1.157176659166156
2.464285714285714	1.135522360159637
2.46734693877551	1.113777094029603
2.470408163265306	1.091942785541395
2.473469387755102	1.070021364800635
2.476530612244898	1.048014767253223
2.479591836734694	1.02592493368534
2.482653061224489	1.003753810223443
2.485714285714286	0.9815033483342722
2.488775510204082	0.9591755048248445
2.491836734693877	0.9367722418424563
2.494897959183673	0.9142955268746844
2.497959183673469	0.8917473327493837
2.501020408163265	0.869129637634689
2.504081632653061	0.8464444250390142
2.507142857142857	0.8236936838110523
2.510204081632653	0.800879408139776
2.513265306122449	0.7780035975544369
2.516326530612245	0.7550682569245656
2.51938775510204	0.732075396459973
2.522448979591837	0.7090270317107478
2.525510204081633	0.6859251835672595
2.528571428571428	0.6627718782601555
2.531632653061224	0.6395691473603635
2.53469387755102	0.61631902777909
2.537755102040816	0.5930235617678208
2.540816326530612	0.569684796918321
2.543877551020408	0.5463047861626344
2.546938775510204	0.5228855877730856
2.55	0.4994292653622766
2.553061224489796	0.4759376596643935
2.556122448979592	0.4524126061309659
2.559183673469388	0.4288561721627241
2.562244897959184	0.4052704223421864
2.565306122448979	0.3816574184336581
2.568367346938775	0.3580192193832338
2.571428571428571	0.3343578813187953
2.574489795918367	0.310675457550012
2.577551020408163	0.2869739985683414
2.580612244897959	0.2632555520470293
2.583673469387755	0.239522162841109
2.586734693877551	0.2157758729874016
2.589795918367347	0.1920187217045167
2.592857142857143	0.1682527453928508
2.595918367346939	0.1444799776345894
2.598979591836735	0.1207024491937049
2.602040816326531	0.09692218801595828
2.605102040816326	0.07314121922889813
2.608163265306122	0.04936156514186105
2.611224489795918	0.02558524524597142
2.614285714285714	0.001814276214141508
2.61734693877551	-0.02194932809892836
2.620408163265306	-0.04570355665675015
2.623469387755102	-0.06944640124104788
2.626530612244898	-0.09317585645175756
2.629591836734694	-0.1168899197070274
2.63265306122449	-0.1405865912432178
2.635714285714286	-0.1642638741149011
2.638775510204082	-0.1879197741948619
2.641836734693877	-0.2115523001740966
2.644897959183673	-0.2351594635618143
2.647959183673469	-0.2587392786854356
2.651020408163265	-0.2822897626905936
2.654081632653061	-0.3058089355411331
2.657142857142857	-0.3292948200191114
2.660204081632653	-0.3527454417247979
2.663265306122449	-0.376158829076674
2.666326530612245	-0.3995330133114328
2.669387755102041	-0.42286602848398
2.672448979591837	-0.4461559114674337
2.675510204081633	-0.4694007019531233
2.678571428571428	-0.4925984424505907
2.681632653061224	-0.5157471782875901
2.68469387755102	-0.5388449576100874
2.687755102040816	-0.5618898313822611
2.690816326530612	-0.5848798533865014
2.693877551020408	-0.6078130802234105
2.696938775510204	-0.6306875713118032
2.7	-0.6535013888887061
2.703061224489796	-0.6762528998502423
2.706122448979591	-0.6989402969075491
2.709183673469387	-0.7215616677235864
2.712244897959184	-0.7441151101281857
2.715306122448979	-0.7665987321180532
2.718367346938775	-0.789010651856768
2.721428571428571	-0.8113489976747827
2.724489795918367	-0.833611908069422
2.727551020408163	-0.8557975317048852
2.730612244897959	-0.8779040274122445
2.733673469387755	-0.8999295641894449
2.736734693877551	-0.9218723212013054
2.739795918367347	-0.9437304877795181
2.742857142857142	-0.9655022634226474
2.745918367346938	-0.987185857796132
2.748979591836735	-1.008779490732284
2.75204081632653	-1.030281392230287
2.755102040816326	-1.051689802456201
2.758163265306122	-1.073002971742956
2.761224489795918	-1.094219160590358
2.764285714285714	-1.115336639665084
2.76734693877551	-1.136353689800685
2.770408163265306	-1.157268601997587
2.773469387755102	-1.178079677423086
2.776530612244898	-1.198785227411354
2.779591836734693	-1.219383573463436
2.782653061224489	-1.239873047247247
2.785714285714286	-1.260251990597581
2.788775510204081	-1.2805187555161
2.791836734693877	-1.300671704171342
2.794897959183673	-1.320709208898718
2.797959183673469	-1.340629652200512
2.801020408163265	-1.36043142674588
2.804081632653061	-1.380112935370853
2.807142857142857	-1.399672591078334
2.810204081632653	-1.419108817038101
2.813265306122449	-1.438420046586805
2.816326530612244	-1.457604723227968
2.81938775510204	-1.476661300631986
2.822448979591837	-1.495588242636131
2.825510204081632	-1.514384023244545
2.828571428571428	-1.533047126628245
2.831632653061224	-1.551576047125121
2.83469387755102	-1.569969289239934
2.837755102040816	-1.588225367644324
2.840816326530612	-1.606342807176798
2.843877551020408	-1.624320142842739
2.846938775510204	-1.642155919814404
2.85	-1.659848693430921
2.853061224489796	-1.677397345094729
2.856122448979592	-1.69480044095982
2.859183673469388	-1.712056585211897
2.862244897959184	-1.729164397369196
2.86530612244898	-1.746122512282484
2.868367346938776	-1.762929580135062
2.871428571428571	-1.779584266442766
2.874489795918367	-1.79608525205396
2.877551020408164	-1.812431233149543
2.880612244897959	-1.828620921242947
2.883673469387755	-1.844653043180139
2.886734693877551	-1.860526341139612
2.889795918367347	-1.876239572632401
2.892857142857143	-1.891791510502064
2.895918367346939	-1.907180942924699
2.898979591836735	-1.922406673408931
2.902040816326531	-1.937467520795924
2.905102040816327	-1.952362319259371
2.908163265306122	-1.967089918305497
2.911224489795918	-1.98164918277306
2.914285714285715	-1.996038992833354
2.91734693877551	-2.010258243990202
2.920408163265306	-2.02430584707996
2.923469387755102	-2.03818072827152
2.926530612244898	-2.051881829066301
2.929591836734694	-2.065408106298261
2.93265306122449	-2.078758532133886
2.935714285714286	-2.091932094072198
2.938775510204082	-2.104927794944749
2.941836734693878	-2.117744652915625
2.944897959183673	-2.130381701481445
2.947959183673469	-2.14283798947136
2.951020408163266	-2.155112581047053
2.954081632653061	-2.167204555702742
2.957142857142857	-2.179113008265177
2.960204081632653	-2.190837048893638
2.963265306122449	-2.202375803079942
2.966326530612245	-2.213728411648435
2.969387755102041	-2.224894030755997
2.972448979591837	-2.235871831892041
2.975510204081633	-2.246661001878515
2.978571428571429	-2.257260742869894
2.981632653061224	-2.267670272353191
2.98469387755102	-2.277888823147948
2.987755102040817	-2.287915643406244
2.990816326530612	-2.297749996612686
2.993877551020408	-2.307391161584417
2.996938775510204	-2.31683843247111
3	-2.326091118754974
3.003061224489796	-2.335148814641003
3.006122448979592	-2.344010722201582
3.009183673469388	-2.352676213108003
3.012244897959184	-2.361144676427876
3.01530612244898	-2.369415518625122
3.018367346938776	-2.377488163559985
3.021428571428571	-2.385362052489022
3.024489795918367	-2.393036644065106
3.027551020408163	-2.400511414337425
3.030612244897959	-2.407785856751487
3.033673469387755	-2.414859482149114
3.036734693877551	-2.421731818768445
3.039795918367347	-2.428402412243935
3.042857142857143	-2.434870825606355
3.045918367346939	-2.441136639282792
3.048979591836735	-2.447199451096649
3.052040816326531	-2.453058876267649
3.055102040816327	-2.458714547411825
3.058163265306122	-2.464166114541531
3.061224489795918	-2.469413245065437
3.064285714285714	-2.474455623788528
3.06734693877551	-2.479292952912104
3.070408163265306	-2.483924952033785
3.073469387755102	-2.488351358147503
3.076530612244898	-2.492571925643509
3.079591836734694	-2.496586426308371
3.08265306122449	-2.50039464932497
3.085714285714286	-2.503996401272508
3.088775510204082	-2.507391506126497
3.091836734693878	-2.51057980525877
3.094897959183673	-2.513561157437477
3.097959183673469	-2.516335438827082
3.101020408163265	-2.518902542988364
3.104081632653061	-2.52126238087842
3.107142857142857	-2.523414880850665
3.110204081632653	-2.525359988654828
3.113265306122449	-2.527097667436955
3.116326530612245	-2.528627897739407
3.119387755102041	-2.529950677500863
3.122448979591837	-2.531066022056319
3.125510204081633	-2.531973964137085
3.128571428571429	-2.532674553870787
3.131632653061224	-2.53316785878137
3.13469387755102	-2.533453963789094
3.137755102040816	-2.533532971210535
3.140816326530612	-2.533405000758586
3.143877551020408	-2.533070189542455
3.146938775510204	-2.532528692067667
3.15	-2.531780680236063
3.153061224489796	-2.530826516172461
3.156122448979592	-2.529666170105779
3.159183673469387	-2.528299877141335
3.162244897959184	-2.526727888440224
3.16530612244898	-2.52495047121933
3.168367346938775	-2.522967908751324
3.171428571428571	-2.520780500364655
3.174489795918367	-2.518388561443562
3.177551020408163	-2.51579242342806
3.180612244897959	-2.512992433813962
3.183673469387755	-2.509988956152853
3.186734693877551	-2.506782370052107
3.189795918367347	-2.503373071174886
3.192857142857143	-2.499761471240129
3.195918367346938	-2.495947998022566
3.198979591836735	-2.491933095352705
3.202040816326531	-2.487717223116846
3.205102040816326	-2.483300857257067
3.208163265306122	-2.478684489771233
3.211224489795918	-2.473868628712993
3.214285714285714	-2.468853798191782
3.21734693877551	-2.463640538372816
3.220408163265306	-2.458229405477099
3.223469387755102	-2.452620971781416
3.226530612244898	-2.446815825618339
3.229591836734694	-2.440814571376223
3.232653061224489	-2.434617829499208
3.235714285714286	-2.428226236487219
3.238775510204082	-2.421640444895964
3.241836734693877	-2.414861123336935
3.244897959183673	-2.407888956477411
3.247959183673469	-2.400724645040453
3.251020408163265	-2.393368905804907
3.254081632653061	-2.385822471605403
3.257142857142857	-2.378086091332357
3.260204081632653	-2.370160529931968
3.263265306122449	-2.36204656840622
3.266326530612245	-2.353745003812881
3.26938775510204	-2.345256649265502
3.272448979591837	-2.336582333933421
3.275510204081633	-2.327722903041761
3.278571428571428	-2.318679217871424
3.281632653061224	-2.309452155759102
3.28469387755102	-2.30004261009727
3.287755102040816	-2.290451490334186
3.290816326530612	-2.280679721973893
3.293877551020408	-2.270728246576218
3.296938775510204	-2.260598021756774
3.3	-2.250290021186958
3.303061224489796	-2.239805280544775
3.306122448979592	-2.229144518912826
3.309183673469388	-2.218308762011867
3.312244897959184	-2.207299047228936
3.315306122448979	-2.196116423617355
3.318367346938775	-2.184761951896736
3.321428571428571	-2.173236704452969
3.324489795918367	-2.161541765338232
3.327551020408163	-2.149678230270984
3.330612244897959	-2.137647206635974
3.333673469387755	-2.12544981348423
3.336734693877551	-2.113087181533065
3.339795918367347	-2.10056045316608
3.342857142857143	-2.087870782433157
3.345918367346939	-2.075019335050463
3.348979591836735	-2.06200728840045
3.352040816326531	-2.048835831531854
3.355102040816326	-2.035506165159695
3.358163265306122	-2.022019501665278
3.361224489795918	-2.008377065096192
3.364285714285714	-1.994580091166311
3.36734693877551	-1.980629827255792
3.370408163265306	-1.966527532411077
3.373469387755102	-1.952274477344893
3.376530612244898	-1.937871944436251
3.379591836734694	-1.923321227730446
3.38265306122449	-1.908623632939057
3.385714285714286	-1.893780477439948
3.388775510204082	-1.878793090277268
3.391836734693877	-1.863662812161449
3.394897959183673	-1.848390995469207
3.397959183673469	-1.832979004243546
3.401020408163265	-1.817428214193749
3.404081632653061	-1.801740012695386
3.407142857142857	-1.785915798790313
3.410204081632653	-1.769956983186668
3.413265306122449	-1.753864988258875
3.416326530612245	-1.737641248047639
3.419387755102041	-1.721287208259953
3.422448979591837	-1.704804326269094
3.425510204081633	-1.688194071114621
3.428571428571428	-1.671457923502379
3.431632653061224	-1.654597375804499
3.43469387755102	-1.637613932059392
3.437755102040816	-1.620509107971757
3.440816326530612	-1.603284430912577
3.443877551020408	-1.585941439919117
3.446938775510204	-1.568481685694928
3.45	-1.550906730609847
3.453061224489796	-1.53321806248503
3.456122448979591	-1.515416986586963
3.459183673469387	-1.497505096490192
3.462244897959184	-1.479483990925607
3.465306122448979	-1.461355273780448
3.468367346938775	-1.443120554098303
3.471428571428571	-1.424781446079101
3.474489795918367	-1.406339569079124
3.477551020408163	-1.387796547610996
3.480612244897959	-1.369154011343691
3.483673469387755	-1.350413595102529
3.486734693877551	-1.331576938869176
3.489795918367347	-1.312645687781645
3.492857142857142	-1.293621492134296
3.495918367346938	-1.274506007377836
3.498979591836735	-1.255300894119318
3.50204081632653	-1.236007818122143
3.505102040816326	-1.216628450306056
3.508163265306122	-1.197164466747153
3.511224489795918	-1.177617548677873
3.514285714285714	-1.157989382487004
3.51734693877551	-1.13828165971968
3.520408163265306	-1.118496077077381
3.523469387755102	-1.098634336417935
3.526530612244898	-1.078698144755517
3.529591836734693	-1.058689214260647
3.532653061224489	-1.038609262260193
3.535714285714286	-1.018460011237371
3.538775510204081	-0.9982431888317399
3.541836734693877	-0.9779605278392094
3.544897959183673	-0.9576137662120343
3.547959183673469	-0.9372046470588158
3.551020408163265	-0.9167349186445025
3.554081632653061	-0.8962063343903895
3.557142857142857	-0.8756206528741188
3.560204081632653	-0.8549796378296791
3.563265306122449	-0.8342850581474058
3.566326530612244	-0.8135386878739809
3.56938775510204	-0.7927423062124337
3.572448979591837	-0.7718976975221395
3.575510204081632	-0.7510066513188214
3.578571428571428	-0.730070962274548
3.581632653061224	-0.7090924302177358
3.58469387755102	-0.6880728601331473
3.587755102040816	-0.6670140621618923
3.590816326530612	-0.645917851601427
3.593877551020408	-0.6247860489055541
3.596938775510204	-0.6036204796844239
3.6	-0.5824229747045327
3.603061224489795	-0.5611951716348793
3.606122448979591	-0.5399386912141605
3.609183673469388	-0.5186553691446572
3.612244897959183	-0.4973470389646223
3.615306122448979	-0.4760155320482828
3.618367346938775	-0.4546626776058386
3.621428571428571	-0.4332903026834621
3.624489795918367	-0.4119002321632992
3.627551020408163	-0.3904942887634684
3.630612244897959	-0.3690742930380619
3.633673469387755	-0.3476420633771445
3.636734693877551	-0.326199416006754
3.639795918367347	-0.3047481649889016
3.642857142857142	-0.283290122221571
3.645918367346939	-0.2618270974387194
3.648979591836734	-0.2403608982102769
3.65204081632653	-0.2188933299421467
3.655102040816326	-0.1974261958762049
3.658163265306122	-0.1759612970903007
3.661224489795918	-0.1545004324982565
3.664285714285714	-0.1330453988498676
3.66734693877551	-0.1115979907309022
3.670408163265306	-0.09016000056310182
3.673469387755102	-0.06873321860418084
3.676530612244898	-0.04731943294782679
3.679591836734693	-0.0259204295237003
3.68265306122449	-0.004537992097434706
3.685714285714285	0.01682609772936324
3.688775510204081	0.03817006051911392
3.691836734693877	0.0594921189982645
3.694897959183673	0.08079049805728944
3.697959183673469	0.1020634247506899
3.701020408163265	0.123309128296994
3.704081632653061	0.1445258400787568
3.707142857142857	0.1657117936425605
3.710204081632653	0.1868652246990141
3.713265306122449	0.2079843711227537
3.716326530612244	0.2290674729524421
3.719387755102041	0.2501127723907692
3.722448979591837	0.2711185138044521
3.725510204081632	0.2920829437242345
3.728571428571428	0.313004310844887
3.731632653061224	0.3338808660252076
3.73469387755102	0.3547108622880208
3.737755102040816	0.3754925548201784
3.740816326530612	0.396224200972559
3.743877551020408	0.4169040602600682
3.746938775510204	0.4375303943616384
3.75	0.4581014671202291
3.753061224489796	0.4786158137516712
3.756122448979592	0.4990718217562224
3.759183673469388	0.5194677765383544
3.762244897959184	0.539801972365888
3.76530612244898	0.5600727123699941
3.768367346938776	0.5802783085451932
3.771428571428571	0.6004170817493557
3.774489795918367	0.6204873617037013
3.777551020408163	0.6404874869927997
3.780612244897959	0.6604158050645705
3.783673469387755	0.6802706722302834
3.786734693877551	0.7000504536645565
3.789795918367347	0.7197535234053594
3.792857142857143	0.7393782643540097
3.795918367346939	0.7589230682751759
3.798979591836735	0.7783863357968759
3.802040816326531	0.7977664764104772
3.805102040816327	0.8170619084706972
3.808163265306122	0.836271059195603
3.811224489795918	0.8553923646666116
3.814285714285714	0.8744242698284894
3.81734693877551	0.8933652284893531
3.820408163265306	0.9122137033206682
3.823469387755102	0.9309681658572507
3.826530612244898	0.9496270964972661
3.829591836734694	0.96818898450223
3.83265306122449	0.9866523279970069
3.835714285714286	1.005015633969812
3.838775510204082	1.023277418272209
3.841836734693878	1.041436205619113
3.844897959183673	1.059490529588787
3.847959183673469	1.077438932622846
3.851020408163265	1.095279966026252
3.854081632653061	1.113012189967319
3.857142857142857	1.13063417347771
3.860204081632653	1.148144494452437
3.863265306122449	1.165541739649864
3.866326530612245	1.182824504691701
3.869387755102041	1.19999139406301
3.872448979591837	1.217041021112204
3.875510204081633	1.233972008051043
3.878571428571429	1.250782985954639
3.881632653061224	1.267472594761452
3.88469387755102	1.284039483273293
3.887755102040816	1.300482309155323
3.890816326530612	1.31679973893605
3.893877551020408	1.332990448007336
3.896938775510204	1.349053120624389
3.9	1.364986449905768
3.903061224489796	1.38078942431836
3.906122448979592	1.396460752566272
3.909183673469387	1.411999170946291
3.912244897959184	1.427403429421047
3.91530612244898	1.442672291619022
3.918367346938775	1.457804534834545
3.921428571428571	1.472798950027794
3.924489795918367	1.487654341824795
3.927551020408163	1.502369528517421
3.930612244897959	1.516943342063394
3.933673469387755	1.531374628086287
3.936734693877551	1.545662245875518
3.939795918367347	1.559805068386354
3.942857142857143	1.573801982239911
3.945918367346938	1.587651887723152
3.948979591836735	1.601353698788891
3.952040816326531	1.614906343055786
3.955102040816326	1.628308761808347
3.958163265306122	1.641559909996932
3.961224489795918	1.654658756237746
3.964285714285714	1.667604282812842
3.96734693877551	1.680395485670123
3.970408163265306	1.693031374423338
3.973469387755102	1.705510972352087
3.976530612244898	1.717833316401815
3.979591836734694	1.729997457183819
3.982653061224489	1.742002458975242
3.985714285714286	1.753847399719076
3.988775510204082	1.76553137102416
3.991836734693877	1.777053478165183
3.994897959183673	1.788412840082682
3.997959183673469	1.799608589383042
4.001020408163265	1.810639872338495
4.004081632653061	1.821505848887125
4.007142857142857	1.832205692632859
4.010204081632653	1.842738590845477
4.013265306122449	1.853103744460606
4.016326530612245	1.863300368079719
4.01938775510204	1.87332768997014
4.022448979591837	1.883184952065041
4.025510204081632	1.89287140996344
4.028571428571428	1.902386332930206
4.031632653061225	1.911729003896055
4.03469387755102	1.920898719457551
4.037755102040816	1.929894789877109
4.040816326530612	1.938716539082988
4.043877551020408	1.947363304669297
4.046938775510204	1.955834437895996
4.05	1.964129303688889
4.053061224489796	1.972247528712765
4.056122448979592	1.980188385062201
4.059183673469388	1.987951293532573
4.062244897959183	1.995535690611813
4.065306122448979	2.002941028480409
4.068367346938775	2.010166775011403
4.071428571428571	2.017212413770396
4.074489795918367	2.024077444015542
4.077551020408163	2.030761380697549
4.080612244897959	2.037263754459686
4.083673469387755	2.043584111637775
4.086734693877551	2.049722014260191
4.089795918367347	2.055677040047872
4.092857142857143	2.061448782414303
4.095918367346939	2.067036850465529
4.098979591836734	2.072440869000153
4.102040816326531	2.077660478509328
4.105102040816327	2.082695335176768
4.108163265306122	2.087545110878741
4.111224489795918	2.09220949318407
4.114285714285714	2.096688185354134
4.11734693877551	2.100980906342867
4.120408163265306	2.105087390796762
4.123469387755102	2.109007389054861
4.126530612244898	2.11274066714877
4.129591836734694	2.116287006802646
4.13265306122449	2.1196462054332
4.135714285714285	2.122818076149705
4.138775510204082	2.125802447753983
4.141836734693877	2.128599164740415
4.144897959183673	2.131208087295938
4.147959183673469	2.133629091300044
4.151020408163265	2.135862068324781
4.154081632653061	2.137906925634752
4.157142857142857	2.139763586187117
4.160204081632653	2.14143198863159
4.163265306122449	2.142912087310442
4.166326530612245	2.1442038522585
4.169387755102041	2.145307269203144
4.172448979591836	2.146222339564315
4.175510204081633	2.146949080454505
4.178571428571429	2.147487524678762
4.181632653061224	2.147837720734693
4.184693877551021	2.147999732812458
4.187755102040816	2.147973640794774
4.190816326530612	2.147759540256912
4.193877551020408	2.1473575424667
4.196938775510204	2.146767774384523
4.2	2.14599037866332
4.203061224489796	2.145025676351918
4.206122448979592	2.143873629445506
4.209183673469388	2.142534438003758
4.212244897959184	2.141008316707284
4.21530612244898	2.139295494857628
4.218367346938775	2.137396216377271
4.221428571428572	2.13531073980962
4.224489795918368	2.133039338319023
4.227551020408163	2.130582299690758
4.23061224489796	2.127939926331039
4.233673469387755	2.125112535267014
4.236734693877551	2.122100458146762
4.239795918367347	2.118904041239301
4.242857142857143	2.115523645434576
4.245918367346939	2.111959646243471
4.248979591836735	2.108212433797803
4.252040816326531	2.104282412850322
4.255102040816327	2.100170002774711
4.258163265306123	2.09587563756559
4.261224489795919	2.09139976583851
4.264285714285714	2.086742850829956
4.267346938775511	2.081905370397349
4.270408163265306	2.076887817019042
4.273469387755102	2.071690697794321
4.276530612244898	2.06631453444341
4.279591836734694	2.060759863307462
4.28265306122449	2.055027235348566
4.285714285714286	2.049117216149745
4.288775510204082	2.043030385914957
4.291836734693877	2.036767339469091
4.294897959183674	2.030328686257972
4.29795918367347	2.023715050348358
4.301020408163265	2.016927070427941
4.304081632653062	2.009965399805347
4.307142857142857	2.002830706410137
4.310204081632653	1.995523672792804
4.31326530612245	1.988044996124777
4.316326530612245	1.980395388198414
4.319387755102041	1.972575575427014
4.322448979591837	1.964586298844804
4.325510204081633	1.956428314106948
4.328571428571429	1.948102391489542
4.331632653061225	1.939609315889619
4.334693877551021	1.930949886825141
4.337755102040816	1.922124918435008
4.340816326530613	1.913135239479053
4.343877551020408	1.90398169333804
4.346938775510204	1.894665138013672
4.35	1.885186446128581
4.353061224489796	1.875546552864197
4.356122448979591	1.86574609944681
4.359183673469388	1.85578600626306
4.362244897959183	1.845667204433722
4.365306122448979	1.835390635813722
4.368367346938776	1.824957252992128
4.371428571428571	1.814368019292151
4.374489795918367	1.803623908771149
4.377551020408163	1.79272590622062
4.380612244897959	1.781675007166209
4.383673469387754	1.770472217867706
4.386734693877551	1.759118555319042
4.389795918367347	1.747615047248296
4.392857142857142	1.735962732117687
4.395918367346939	1.724162659123581
4.398979591836734	1.712215888196486
4.40204081632653	1.700123490001056
4.405102040816326	1.68788654593609
4.408163265306122	1.675506148134527
4.411224489795918	1.662983399463455
4.414285714285714	1.650319413524103
4.41734693877551	1.637515314651846
4.420408163265305	1.6245722379162
4.423469387755102	1.611491329120829
4.426530612244898	1.598273744803539
4.429591836734693	1.584920652236281
4.43265306122449	1.571433229425148
4.435714285714285	1.557812665110381
4.438775510204081	1.544060158766362
4.441836734693878	1.530176920601618
4.444897959183673	1.516164171558821
4.447959183673469	1.502023143314785
4.451020408163265	1.487755078280471
4.454081632653061	1.473361229600981
4.457142857142856	1.458842861155565
4.460204081632653	1.444201247557612
4.463265306122449	1.429437674154661
4.466326530612244	1.414553437028391
4.469387755102041	1.399549842994625
4.472448979591836	1.384428209603333
4.475510204081632	1.369189865138628
4.478571428571428	1.353836148618765
4.481632653061224	1.338368409796145
4.48469387755102	1.322788009157315
4.487755102040816	1.307096317922962
4.490816326530612	1.291294718047921
4.493877551020407	1.275384602221167
4.496938775510204	1.259367373865824
4.5	1.243244447139156
4.503061224489796	1.22701717354145
4.506122448979592	1.210686731160632
4.509183673469388	1.194254563228312
4.512244897959183	1.177722117828888
4.51530612244898	1.161090847899554
4.518367346938776	1.144362211230296
4.521428571428571	1.12753767046389
4.524489795918368	1.110618693095906
4.527551020408163	1.093606751474705
4.530612244897959	1.076503322801442
4.533673469387755	1.059309889130063
4.536734693877551	1.042027937367307
4.539795918367347	1.024658959272704
4.542857142857143	1.007204451458576
4.545918367346939	0.9896659153900399
4.548979591836734	0.9720448573850018
4.552040816326531	0.9543427886141618
4.555102040816326	0.9365612251010108
4.558163265306122	0.9187016877218341
4.561224489795919	0.9007657022057071
4.564285714285714	0.8827547991344985
4.56734693877551	0.8646705139428689
4.570408163265306	0.8465143869182714
4.573469387755102	0.8282879632009509
4.576530612244898	0.8099927927839448
4.579591836734694	0.791630430513083
4.58265306122449	0.7732024360869866
4.585714285714285	0.7547103740570704
4.588775510204082	0.7361558138275401
4.591836734693878	0.7175403296553945
4.594897959183673	0.6988655006504242
4.59795918367347	0.6801329107752122
4.601020408163265	0.6613441488451336
4.604081632653061	0.6425008085283554
4.607142857142857	0.623604488345838
4.610204081632653	0.6046567916713328
4.613265306122449	0.5856593267313838
4.616326530612245	0.5666137066053272
4.619387755102041	0.5475215492252917
4.622448979591836	0.5283844773761979
4.625510204081633	0.5092041186957591
4.628571428571428	0.48998210567448
4.631632653061224	0.4707200756556582
4.634693877551021	0.4514196708353835
4.637755102040816	0.4320825382625376
4.640816326530612	0.4127103298387945
4.643877551020408	0.3933047023186206
4.646938775510204	0.3738673173092745
4.649999999999999	0.3543998412708068
4.653061224489796	0.3349037678311972
4.656122448979591	0.3153805686575053
4.659183673469387	0.2958319153805528
4.662244897959183	0.2762594777958198
4.665306122448979	0.2566649238634451
4.668367346938775	0.2370499197082266
4.671428571428571	0.2174161296196202
4.674489795918367	0.1977652160517409
4.677551020408163	0.1780988396233619
4.680612244897959	0.1584186591179157
4.683673469387754	0.1387263314834929
4.68673469387755	0.1190235118328431
4.689795918367347	0.0993118534433744
4.692857142857142	0.0795930077571534
4.695918367346938	0.05986862438090571
4.698979591836734	0.04014035108601521
4.70204081632653	0.02040983380852471
4.705102040816326	0.0006787166491355988
4.708163265306122	-0.01905135812679213
4.711224489795918	-0.03877875008923976
4.714285714285714	-0.05850182064353005
4.71734693877551	-0.07821893303032694
4.720408163265305	-0.09792845232563589
4.723469387755102	-0.1176287454408035
4.726530612244898	-0.1373181811225179
4.729591836734693	-0.1569951299528085
4.732653061224489	-0.1766579643490461
4.735714285714285	-0.1963050585639428
4.738775510204081	-0.2159347886855519
4.741836734693877	-0.2355455326372683
4.744897959183673	-0.2551356701778283
4.747959183673469	-0.2747035829013093
4.751020408163265	-0.29424765423713
4.754081632653061	-0.3137662694500508
4.757142857142856	-0.333257815640173
4.760204081632653	-0.3527206817429398
4.763265306122449	-0.3721532585291354
4.766326530612244	-0.3915539386048851
4.76938775510204	-0.4109211164116559
4.772448979591836	-0.4302531882262564
4.775510204081632	-0.449548552160836
4.778571428571428	-0.4688056081628856
4.781632653061224	-0.4880227580152376
4.78469387755102	-0.5071984053360657
4.787755102040816	-0.5263309555788851
4.790816326530612	-0.5454188160325518
4.793877551020407	-0.5644603958212637
4.796938775510204	-0.58345410590456
4.8	-0.6023983590773209
4.803061224489796	-0.621291815109546
4.806122448979592	-0.6401330033645755
4.809183673469388	-0.6589203558275103
4.812244897959183	-0.6776523124962255
4.815306122448979	-0.6963273213813704
4.818367346938775	-0.7149438385063682
4.821428571428571	-0.7335003279074156
4.824489795918367	-0.7519952616334837
4.827551020408163	-0.7704271197463162
4.830612244897959	-0.7887943903204331
4.833673469387755	-0.8070955694431264
4.836734693877551	-0.8253291612144628
4.839795918367347	-0.8434936777472827
4.842857142857143	-0.8615876391672002
4.845918367346939	-0.8796095736126035
4.848979591836734	-0.8975580172346549
4.852040816326531	-0.9154315141972909
4.855102040816327	-0.9332286166772203
4.858163265306122	-0.9509478848639282
4.861224489795918	-0.9685878869596719
4.864285714285714	-0.9861471991794831
4.86734693877551	-1.003624405751168
4.870408163265306	-1.021018098915305
4.873469387755102	-1.038326878925248
4.876530612244898	-1.055549354047125
4.879591836734694	-1.072684140559837
4.88265306122449	-1.089729862755059
4.885714285714285	-1.10668515293724
4.888775510204082	-1.123548651423603
4.891836734693877	-1.140319006544146
4.894897959183673	-1.156994874641638
4.897959183673469	-1.173574920071625
4.901020408163265	-1.190057815202425
4.904081632653061	-1.206442240415132
4.907142857142857	-1.222726884103611
4.910204081632653	-1.238910442674503
4.913265306122449	-1.254991620547222
4.916326530612245	-1.270969130153957
4.919387755102041	-1.286841691939669
4.922448979591836	-1.302608034362095
4.925510204081633	-1.318266893891746
4.928571428571429	-1.333817015011903
4.931632653061224	-1.349257150218626
4.934693877551021	-1.364586060020746
4.937755102040816	-1.37980251293987
4.940816326530612	-1.394905285510375
4.943877551020408	-1.409893162279416
4.946938775510204	-1.424764935806921
4.95	-1.43951940666559
4.953061224489796	-1.454155646930459
4.956122448979592	-1.468672474537685
4.959183673469388	-1.483068729327347
4.962244897959184	-1.497343263629439
4.96530612244898	-1.511494942263879
4.968367346938775	-1.525522642540502
4.971428571428572	-1.539425254259063
4.974489795918368	-1.553201679709236
4.977551020408163	-1.566850833670615
4.98061224489796	-1.580371643412715
4.983673469387755	-1.593763048694968
4.986734693877551	-1.607024001766727
4.989795918367347	-1.620153467367266
4.992857142857143	-1.633150422725775
4.995918367346939	-1.646013857561366
4.998979591836735	-1.658742774083069
5.002040816326531	-1.671336186989835
5.005102040816327	-1.683793123470535
5.008163265306123	-1.696112623203958
5.011224489795919	-1.708293738358812
5.014285714285714	-1.720335533593727
5.017346938775511	-1.732237086057252
5.020408163265306	-1.743997485387852
5.023469387755102	-1.755615833713916
5.026530612244898	-1.76709124565375
5.029591836734694	-1.778422848315582
5.03265306122449	-1.789609781297556
5.035714285714286	-1.800651196687738
5.038775510204082	-1.811546259064113
5.041836734693877	-1.822294145494586
5.044897959183674	-1.83289404553698
5.04795918367347	-1.84334516123904
5.051020408163265	-1.853646707138428
5.054081632653062	-1.863797910262727
5.057142857142857	-1.873798010129439
5.060204081632653	-1.883646258745986
5.06326530612245	-1.89334192060971
5.066326530612245	-1.90288427270787
5.069387755102041	-1.912272604517648
5.072448979591837	-1.921506218006143
5.075510204081633	-1.930584427630375
5.078571428571429	-1.939506560337282
5.081632653061225	-1.948271955563724
5.084693877551021	-1.956879965236478
5.087755102040816	-1.965329953772242
5.090816326530613	-1.973621298077634
5.093877551020408	-1.981753387549188
5.096938775510204	-1.989725624073364
5.1	-1.997537422026534
5.103061224489796	-2.005188438497428
5.106122448979591	-2.012678004748136
5.109183673469388	-2.02000558640657
5.112244897959183	-2.027170663533381
5.115306122448979	-2.034172730621962
5.118367346938776	-2.041011296598454
5.121428571428571	-2.047685884821737
5.124489795918367	-2.054196033083434
5.127551020408163	-2.060541293607913
5.130612244897959	-2.066721233052287
5.133673469387754	-2.072735432506405
5.136734693877551	-2.078583487492867
5.139795918367347	-2.084265007967012
5.142857142857142	-2.089779618316923
5.145918367346939	-2.095126957363425
5.148979591836734	-2.100306678360087
5.15204081632653	-2.105318448993224
5.155102040816326	-2.110161951381887
5.158163265306122	-2.114836882077878
5.161224489795918	-2.119342952065737
5.164285714285714	-2.123679886762749
5.16734693877551	-2.12784742601894
5.170408163265305	-2.131845324117084
5.173469387755102	-2.135673349772692
5.176530612244898	-2.139331286134023
5.179591836734693	-2.142818930782076
5.18265306122449	-2.146136095730593
5.185714285714285	-2.149282607426064
5.188775510204081	-2.152258306747715
5.191836734693878	-2.15506304900752
5.194897959183673	-2.157696703950196
5.197959183673469	-2.160159155753199
5.201020408163265	-2.162450303026732
5.204081632653061	-2.16457005881374
5.207142857142856	-2.166518350589911
5.210204081632653	-2.168295120263676
5.213265306122449	-2.169900324176211
5.216326530612244	-2.171333933101431
5.219387755102041	-2.172595932245997
5.222448979591836	-2.173686321249313
5.225510204081632	-2.174605114183527
5.228571428571428	-2.175352339553526
5.231632653061224	-2.175928040296944
5.23469387755102	-2.176332273784158
5.237755102040816	-2.176565111818287
5.240816326530612	-2.176626640635193
5.243877551020407	-2.176516960903479
5.246938775510204	-2.176236187724497
5.25	-2.175784450632336
5.253061224489796	-2.175162046467905
5.256122448979592	-2.174368939459958
5.259183673469388	-2.173405312126754
5.262244897959183	-2.172271360503654
5.26530612244898	-2.170967294143111
5.268367346938776	-2.169493336114679
5.271428571428571	-2.167849723005006
5.274489795918368	-2.166036704917834
5.277551020408163	-2.164054545474005
5.280612244897959	-2.161903521811461
5.283673469387755	-2.159583924585232
5.286734693877551	-2.157096057967453
5.289795918367347	-2.15444023964735
5.292857142857143	-2.151616800831248
5.295918367346939	-2.148626086242567
5.298979591836734	-2.145468454121827
5.302040816326531	-2.142144276226641
5.305102040816326	-2.138653937831719
5.308163265306122	-2.134997837728871
5.311224489795919	-2.131176388226999
5.314285714285714	-2.127190015152106
5.31734693877551	-2.123039157847288
5.320408163265306	-2.118724269172739
5.323469387755102	-2.11424581550575
5.326530612244898	-2.109604276740707
5.329591836734694	-2.104800146289097
5.33265306122449	-2.099833931079497
5.335714285714285	-2.094706151557588
5.338775510204082	-2.089417341686139
5.341836734693878	-2.083968048945025
5.344897959183673	-2.078358834331209
5.34795918367347	-2.072590272358757
5.351020408163265	-2.066662951058828
5.354081632653061	-2.06057747197968
5.357142857142857	-2.054334450186665
5.360204081632653	-2.047934514262233
5.363265306122449	-2.041378306305933
5.366326530612245	-2.034666481934406
5.369387755102041	-2.027799710281392
5.372448979591836	-2.020778673997727
5.375510204081633	-2.013604069251347
5.378571428571428	-2.006276605727278
5.381632653061224	-1.998797006627649
5.384693877551021	-1.99116600867168
5.387755102040816	-1.983384362095694
5.390816326530612	-1.975452830653105
5.393877551020408	-1.967372191614426
5.396938775510204	-1.959143235767266
5.399999999999999	-1.950766767416332
5.403061224489796	-1.942243651757787
5.406122448979591	-1.933574479510485
5.409183673469387	-1.924760099321732
5.412244897959183	-1.915801369820139
5.415306122448979	-1.90669915961562
5.418367346938775	-1.897454347299399
5.421428571428571	-1.888067821444
5.424489795918367	-1.878540480603252
5.427551020408163	-1.86887323331229
5.430612244897959	-1.859066998087554
5.433673469387754	-1.84912270342679
5.43673469387755	-1.839041287809045
5.439795918367347	-1.828823699694676
5.442857142857142	-1.818470897525338
5.445918367346938	-1.807983849723997
5.448979591836734	-1.797363534694919
5.45204081632653	-1.786610940823681
5.455102040816326	-1.775727066477157
5.458163265306122	-1.764712920003531
5.461224489795918	-1.753569519732291
5.464285714285714	-1.742297893974229
5.46734693877551	-1.730899081021442
5.470408163265305	-1.719374129147331
5.473469387755102	-1.707724096606603
5.476530612244898	-1.695950051635269
5.479591836734693	-1.684053072450645
5.482653061224489	-1.672034247251351
5.485714285714285	-1.659894674217315
5.488775510204081	-1.647635461509766
5.491836734693877	-1.635257727271238
5.494897959183673	-1.622762599625572
5.497959183673469	-1.610151216677913
5.501020408163265	-1.59742472651471
5.504081632653061	-1.584584287203717
5.507142857142856	-1.571631066793993
5.510204081632653	-1.558566243315902
5.513265306122449	-1.545391004781112
5.516326530612244	-1.532106549182597
5.51938775510204	-1.518714084494635
5.522448979591836	-1.505214828672808
5.525510204081632	-1.491610009654005
5.528571428571428	-1.477900865356417
5.531632653061224	-1.464088643679542
5.53469387755102	-1.450174602504182
5.537755102040816	-1.436160009692443
5.540816326530612	-1.422046143087738
5.543877551020407	-1.407834290514781
5.546938775510204	-1.393525749779594
5.55	-1.379121828669504
5.553061224489796	-1.364623779754855
5.556122448979592	-1.350032691599697
5.559183673469388	-1.33534989921491
5.562244897959183	-1.320576742180108
5.565306122448979	-1.30571456464364
5.568367346938775	-1.290764715322588
5.571428571428571	-1.275728547502764
5.574489795918367	-1.260607419038719
5.577551020408163	-1.24540269235373
5.580612244897959	-1.230115734439816
5.583673469387755	-1.214747916857722
5.586734693877551	-1.19930061573693
5.589795918367347	-1.183775211775655
5.592857142857143	-1.168173090240845
5.595918367346939	-1.15249564096818
5.598979591836734	-1.136744258362075
5.602040816326531	-1.120920341395679
5.605102040816327	-1.105025293610872
5.608163265306122	-1.089060523118268
5.611224489795918	-1.073027442597217
5.614285714285714	-1.056927469295799
5.61734693877551	-1.040762025030828
5.620408163265306	-1.024532536187852
5.623469387755102	-1.008240433721153
5.626530612244898	-0.9918871531537446
5.629591836734694	-0.975474134577376
5.63265306122449	-0.959002822652527
5.635714285714285	-0.9424746666084132
5.638775510204082	-0.9258911202429817
5.641836734693877	-0.909253641922914
5.644897959183673	-0.8925636945836249
5.647959183673469	-0.8758227457292621
5.651020408163265	-0.8590322674327067
5.654081632653061	-0.8421937363355732
5.657142857142857	-0.8253086336482098
5.660204081632653	-0.8083784451496973
5.663265306122449	-0.7914046611878507
5.666326530612245	-0.7743887766792175
5.669387755102041	-0.757332291109079
5.672448979591836	-0.7402367085314497
5.675510204081633	-0.723103537569078
5.678571428571429	-0.7059342914134442
5.681632653061224	-0.6887304878247635
5.684693877551021	-0.6714936491319837
5.687755102040816	-0.654225302232786
5.690816326530612	-0.6369269785935848
5.693877551020408	-0.619600214249528
5.696938775510204	-0.602246549804497
5.7	-0.5848675304311061
5.703061224489796	-0.5674645430710393
5.706122448979592	-0.5500389509536369
5.709183673469388	-0.5325923043872057
5.712244897959184	-0.5151261520535446
5.71530612244898	-0.4976420410079436
5.718367346938775	-0.4801415166791848
5.721428571428572	-0.4626261228695413
5.724489795918368	-0.4450974017547778
5.727551020408163	-0.4275568938841503
5.73061224489796	-0.410006138180407
5.733673469387755	-0.3924466719397869
5.736734693877551	-0.3748800308320206
5.739795918367347	-0.3573077489003308
5.742857142857143	-0.3397313585614309
5.745918367346939	-0.3221523906055261
5.748979591836735	-0.3045723741963134
5.752040816326531	-0.2869928368709809
5.755102040816327	-0.2694153045402084
5.758163265306123	-0.2518413014881672
5.761224489795919	-0.23427235037252
5.764285714285714	-0.2167099722244211
5.767346938775511	-0.1991556864485164
5.770408163265306	-0.1816110108229428
5.773469387755102	-0.1640774614993294
5.776530612244898	-0.1465565530027964
5.779591836734694	-0.1290497982319556
5.78265306122449	-0.1115587084589101
5.785714285714286	-0.09408479332925483
5.788775510204082	-0.07662956086207602
5.791836734693877	-0.05919451744995157
5.794897959183674	-0.0417811678589506
5.79795918367347	-0.02439101522863396
5.801020408163265	-0.007025561072053928
5.804081632653062	0.01031369472424568
5.807142857142857	0.02762525390022949
5.810204081632653	0.04490761982237089
5.81326530612245	0.0621592974836515
5.816326530612245	0.0793787935035615
5.819387755102041	0.09656461612809951
5.822448979591837	0.1137152752297729
5.825510204081633	0.1308292823075974
5.828571428571429	0.1479051504870969
5.831632653061225	0.1649413945203044
5.834693877551021	0.181936530785761
5.837755102040816	0.1988890772885163
5.840816326530613	0.2157975536601285
5.843877551020408	0.2326604811586645
5.846938775510204	0.2494763826686992
5.85	0.2662437827013164
5.853061224489796	0.2829614341084819
5.856122448979591	0.2996279712295111
5.859183673469388	0.3162419360884871
5.862244897959183	0.3328018780885588
5.865306122448979	0.3493063540119426
5.868367346938776	0.3657539280199216
5.871428571428571	0.3821431716528449
5.874489795918367	0.3984726638301295
5.877551020408163	0.4147409908502576
5.880612244897959	0.4309467463907798
5.883673469387754	0.4470885315083124
5.886734693877551	0.4631649546385391
5.889795918367347	0.4791746315962095
5.892857142857142	0.4951161855751406
5.895918367346939	0.5109882471482159
5.898979591836734	0.5267894542673858
5.90204081632653	0.542518452263667
5.905102040816326	0.5581738938471436
5.908163265306122	0.573754439106966
5.911224489795918	0.5892587555113517
5.914285714285714	0.6046855179075841
5.91734693877551	0.6200334085220144
5.920408163265305	0.6353011169600602
5.923469387755102	0.6504873402062054
5.926530612244898	0.6655907826240007
5.929591836734693	0.6806101559560647
5.93265306122449	0.6955441793240806
5.935714285714285	0.7103915792288008
5.938775510204081	0.7251510895500424
5.941836734693878	0.7398214515466901
5.944897959183673	0.7544014138566957
5.947959183673469	0.7688897324970774
5.951020408163265	0.7832851708639196
5.954081632653061	0.7975864997323741
5.957142857142856	0.8117924972566593
5.960204081632653	0.8259019489700601
5.963265306122449	0.8399136477849291
5.966326530612244	0.8538263939926838
5.969387755102041	0.8676389952638102
5.972448979591836	0.8813502666478601
5.975510204081632	0.8949590305734528
5.978571428571428	0.9084641168482731
5.981632653061224	0.9218643626590738
5.98469387755102	0.9351586125716735
5.987755102040816	0.9483457185309586
5.990816326530612	0.9614245398608812
5.993877551020407	0.9743939432644604
5.996938775510204	0.9872528028237825
6	1
