0	2.248943757192968
0.01304347826086956	2.2866142280271
0.02608695652173913	2.324662035815368
0.03913043478260869	2.363079434278075
0.05217391304347826	2.401858229451392
0.06521739130434782	2.440989791998589
0.07826086956521738	2.480465071079428
0.09130434782608696	2.520274609714609
0.1043478260869565	2.560408561572348
0.1173913043478261	2.600856709094281
0.1304347826086956	2.641608482868596
0.1434782608695652	2.682652982149889
0.1565217391304348	2.72397899641767
0.1695652173913043	2.765575027859071
0.1826086956521739	2.807429314656098
0.1956521739130435	2.849529854953798
0.208695652173913	2.891864431382936
0.2217391304347826	2.934420636009316
0.2347826086956522	2.977185895581491
0.2478260869565217	3.020147496949493
0.2608695652173913	3.06329261252906
0.2739130434782608	3.106608325688855
0.2869565217391304	3.15008165594203
0.3	3.19369958382841
0.3130434782608695	3.23744907537981
0.3260869565217391	3.281317106065636
0.3391304347826087	3.325290684126248
0.3521739130434782	3.369356873204216
0.3652173913043478	3.413502814197143
0.3782608695652174	3.457715746260359
0.3913043478260869	3.501983026895994
0.4043478260869565	3.546292151074659
0.4173913043478261	3.590630769344343
0.4304347826086956	3.634986704889518
0.4434782608695652	3.679347969511495
0.4565217391304348	3.723702778508798
0.4695652173913043	3.768039564443944
0.4826086956521739	3.812346989790194
0.4956521739130434	3.856613958458834
0.508695652173913	3.900829626213883
0.5217391304347826	3.944983409987231
0.5347826086956522	3.989064996112492
0.5478260869565217	4.033064347500858
0.5608695652173913	4.076971709786349
0.5739130434782609	4.120777616471835
0.5869565217391304	4.164472893110448
0.6	4.208048660560287
0.6130434782608696	4.251496337352281
0.6260869565217391	4.294807641213522
0.6391304347826087	4.337974589786725
0.6521739130434783	4.380989500595318
0.6652173913043478	4.423844990296709
0.6782608695652174	4.466533973266806
0.691304347826087	4.509049659563837
0.7043478260869565	4.551385552317194
0.7173913043478261	4.593535444585481
0.7304347826086957	4.635493415727177
0.7434782608695651	4.677253827326564
0.7565217391304347	4.7188113187167
0.7695652173913043	4.760160802140178
0.7826086956521738	4.801297457586744
0.7956521739130434	4.842216727345397
0.808695652173913	4.882914310306576
0.8217391304347825	4.923386156048367
0.8347826086956521	4.963628458738864
0.8478260869565217	5.003637650885341
0.8608695652173912	5.043410396959247
0.8739130434782608	5.082943586924625
0.8869565217391304	5.122234329695254
0.8999999999999999	5.161279946542771
0.9130434782608695	5.200076791667858
0.926086956521739	5.238626492419237
0.9391304347826086	5.276924133400539
0.9521739130434782	5.314963845073237
0.9652173913043477	5.352748515993601
0.9782608695652173	5.390280970780671
0.9913043478260869	5.427556976410877
1.004347826086956	5.464564888809056
1.017391304347826	5.501289890291618
1.030434782608695	5.537719098133008
1.043478260869565	5.573844776905866
1.056521739130435	5.609664698546728
1.069565217391304	5.645180280413387
1.082608695652174	5.68039396395675
1.095652173913043	5.715307276104435
1.108695652173913	5.749920348274594
1.121739130434783	5.784232740596073
1.134782608695652	5.818244673262108
1.147826086956522	5.851957575321559
1.160869565217391	5.885373401528787
1.173913043478261	5.918493298734136
1.18695652173913	5.951317339102171
1.2	5.983847023498055
1.213043478260869	6.016083976968626
1.226086956521739	6.048029396876374
1.239130434782609	6.079684690012118
1.252173913043478	6.111051316571967
1.265217391304348	6.142130786431508
1.278260869565217	6.172924655571854
1.291304347826087	6.203434522652858
1.304347826086957	6.233662025730182
1.317391304347826	6.263608839112398
1.330434782608696	6.293276670354442
1.343478260869565	6.322667257383643
1.356521739130435	6.351782365754274
1.369565217391304	6.380623786026753
1.382608695652174	6.409193331267398
1.395652173913043	6.437492834664971
1.408695652173913	6.465524147260038
1.421739130434783	6.493289135783609
1.434782608695652	6.520789680601365
1.447826086956522	6.548027673760002
1.460869565217391	6.575005017131979
1.473913043478261	6.601723620654992
1.48695652173913	6.628185400661925
1.5	6.654392278296453
1.513043478260869	6.680346178015124
1.526086956521739	6.706049026169746
1.539130434782609	6.731502749667321
1.552173913043478	6.756709274705094
1.565217391304348	6.781670525575378
1.578260869565217	6.806388423540119
1.591304347826087	6.830864885771376
1.604347826086957	6.855101824354684
1.617391304347826	6.879101145352238
1.630434782608696	6.902864747923343
1.643478260869565	6.926394523499833
1.656521739130435	6.949692355014285
1.669565217391304	6.972760116178866
1.682608695652174	6.995599670812396
1.695652173913043	7.018212872213324
1.708695652173913	7.040601562576046
1.721739130434783	7.062767572448459
1.734782608695652	7.084712720228727
1.747826086956522	7.106438811699912
1.760869565217391	7.127947639601237
1.773913043478261	7.149240983234824
1.786956521739131	7.170320608105309
1.8	7.191188265586934
1.813043478260869	7.211845554049894
1.826086956521739	7.232294565539771
1.839130434782609	7.252536993217944
1.852173913043478	7.272573845464402
1.865217391304348	7.292407026814141
1.878260869565217	7.312038765763445
1.891304347826087	7.331470855551307
1.904347826086956	7.35070450475006
1.917391304347826	7.369740771461993
1.930434782608695	7.388581139948051
1.943478260869565	7.40722775630594
1.956521739130435	7.425683066469646
1.969565217391304	7.443948951364338
1.982608695652174	7.462025775047278
1.995652173913043	7.479911913645767
2.008695652173913	7.497604222977444
2.021739130434782	7.515099512117587
2.034782608695652	7.532396502712164
2.047826086956522	7.549497184554018
2.060869565217391	7.56640630158911
2.073913043478261	7.58312848210542
2.08695652173913	7.599665042178541
2.1	7.616017767642384
2.11304347826087	7.632190853446516
2.126086956521739	7.6481865818547
2.139130434782609	7.664007617798512
2.152173913043478	7.679656579496039
2.165217391304348	7.695136039147406
2.178260869565217	7.710448523631972
2.191304347826087	7.725596515201811
2.204347826086956	7.740582452170036
2.217391304347826	7.755408729593696
2.230434782608696	7.770077699951484
2.243478260869565	7.784591673816511
2.256521739130435	7.798952920523814
2.269565217391305	7.813163668832284
2.282608695652174	7.827226107580223
2.295652173913044	7.841142386334062
2.308695652173913	7.854914616029744
2.321739130434783	7.868544869606858
2.334782608695652	7.882035182635696
2.347826086956522	7.895387553937818
2.360869565217391	7.908603946200297
2.373913043478261	7.921686286583512
2.386956521739131	7.934636467320855
2.4	7.947456346306663
2.41304347826087	7.960147747680693
2.426086956521739	7.97271246240451
2.439130434782609	7.985152248829416
2.452173913043478	7.997468833256764
2.465217391304348	8.009663910489698
2.478260869565217	8.021739144377975
2.491304347826087	8.033696168355
2.504347826086956	8.04553658596719
2.517391304347826	8.057261971395452
2.530434782608696	8.068873869968705
2.543478260869565	8.080373798669383
2.556521739130435	8.091763246631073
2.569565217391304	8.103043675628365
2.582608695652174	8.114216520559097
2.595652173913043	8.125283189919291
2.608695652173913	8.136245066270758
2.621739130434782	8.147103506701576
2.634782608695652	8.157859843279187
2.647826086956522	8.1685153834961
2.660869565217391	8.179071410707833
2.673913043478261	8.189529184563222
2.68695652173913	8.199889941427475
2.7	8.210154894799199
2.713043478260869	8.220325235721221
2.726086956521739	8.230402133180611
2.739130434782608	8.240386734507364
2.752173913043478	8.250280165761502
2.765217391304347	8.260083532115619
2.778260869565217	8.269797918231957
2.791304347826087	8.279424388631995
2.804347826086956	8.288963988058914
2.817391304347826	8.298417741833513
2.830434782608696	8.307786656204225
2.843478260869565	8.317071718691395
2.856521739130435	8.32627389842585
2.869565217391304	8.335394146481656
2.882608695652173	8.344433396202792
2.895652173913043	8.353392563523839
2.908695652173913	8.362272547284729
2.921739130434782	8.371074229539873
2.934782608695652	8.379798475861788
2.947826086956522	8.388446135639525
2.960869565217391	8.397018042371608
2.973913043478261	8.405515013953572
2.98695652173913	8.413937852960132
3	8.422287346923081
3.01304347826087	8.430560035562072
3.026086956521739	8.438752524544592
3.039130434782609	8.446865677210608
3.052173913043478	8.4549003411325
3.065217391304348	8.462857348396669
3.078260869565217	8.47073751588122
3.091304347826087	8.478541645528562
3.104347826086956	8.486270524613028
3.117391304347826	8.493924926003567
3.130434782608696	8.501505608421622
3.143478260869565	8.509013316694308
3.156521739130435	8.516448782002936
3.169565217391304	8.523812722127149
3.182608695652174	8.531105841684484
3.195652173913043	8.538328832365735
3.208695652173913	8.54548237316601
3.221739130434782	8.552567130611685
3.234782608695652	8.559583758983194
3.247826086956522	8.566532900533765
3.260869565217391	8.573415185703965
3.273913043478261	8.580231233332247
3.286956521739131	8.586981650861681
3.3	8.593667034543564
3.31304347826087	8.600287969637801
3.326086956521739	8.606845030607555
3.339130434782609	8.613338781311478
3.352173913043478	8.619769775193404
3.365217391304347	8.626138555466799
3.378260869565217	8.63244565529617
3.391304347826087	8.638691597975857
3.404347826086956	8.644876897106393
3.417391304347826	8.651002056767563
3.430434782608696	8.657067571687813
3.443478260869565	8.663073927409908
3.456521739130435	8.669021600453194
3.469565217391304	8.674911058472913
3.482608695652174	8.680742760416901
3.495652173913043	8.686517156679985
3.508695652173913	8.692234689255798
3.521739130434782	8.697895791885989
3.534782608695652	8.703500890206435
3.547826086956522	8.709050401890556
3.560869565217391	8.714544736789845
3.573913043478261	8.719984297072218
3.58695652173913	8.7253694773582
3.6	8.730700664853474
3.613043478260869	8.735978239479966
3.626086956521739	8.741202574003962
3.639130434782608	8.746374034163232
3.652173913043478	8.751492978791362
3.665217391304347	8.756559759937636
3.678260869565217	8.761574722986637
3.691304347826087	8.766538206776337
3.704347826086956	8.771450543714305
3.717391304347826	8.776312059891136
3.730434782608695	8.781123075191212
3.743478260869565	8.78588390340102
3.756521739130434	8.790594852315593
3.769565217391304	8.795256223843507
3.782608695652173	8.79986831411056
3.795652173913043	8.804431413562051
3.808695652173913	8.808945807063282
3.821739130434782	8.813411773997869
3.834782608695652	8.817829588363692
3.847826086956522	8.822199518866778
3.860869565217391	8.826521829013624
3.87391304347826	8.830796777202892
3.88695652173913	8.835024616816169
3.9	8.839205596304881
3.91304347826087	8.843339827781207
3.926086956521739	8.847427994020073
3.939130434782609	8.851469986551088
3.952173913043478	8.855465612056822
3.965217391304348	8.85941563229534
3.978260869565217	8.863320735159794
3.991304347826087	8.867180778459746
4.004347826086956	8.870994817058561
4.017391304347826	8.874761637238613
4.030434782608696	8.878480351123304
4.043478260869565	8.882150736249628
4.056521739130435	8.88577322869414
4.069565217391304	8.88934866448543
4.082608695652174	8.892877953690371
4.095652173913043	8.89636185726437
4.108695652173913	8.899800947737024
4.121739130434783	8.903195720895594
4.134782608695652	8.906546741346368
4.147826086956521	8.909854693476134
4.160869565217391	8.913120287066358
4.173913043478261	8.916344106755465
4.18695652173913	8.919526610870175
4.2	8.922668417165232
4.21304347826087	8.925770114526925
4.22608695652174	8.928832239395184
4.239130434782609	8.93185533334786
4.252173913043478	8.934839928406948
4.265217391304348	8.937786547191278
4.278260869565218	8.940695703065403
4.291304347826087	8.943567900286711
4.304347826086957	8.946403634151133
4.317391304347826	8.949203391136844
4.330434782608696	8.951967649045214
4.343478260869565	8.954696877138824
4.356521739130435	8.957391536276621
4.369565217391305	8.96005207904663
4.382608695652174	8.962678949896697
4.395652173913044	8.965272585263602
4.408695652173913	8.967833413700552
4.421739130434783	8.97036185600299
4.434782608695652	8.972858325332172
4.447826086956522	8.975323227336322
4.460869565217392	8.977756960269058
4.473913043478261	8.980159915105675
4.48695652173913	8.982532475658045
4.5	8.984875018689371
4.51304347826087	8.987187914025904
4.526086956521739	8.989471524663209
4.539130434782608	8.991726206878333
4.552173913043478	8.993952310334924
4.565217391304348	8.996150178184962
4.578260869565217	8.998320147172967
4.591304347826087	9.000462547737968
4.604347826086957	9.002577704112777
4.617391304347827	9.004665934420936
4.630434782608695	9.006727550772187
4.643478260869565	9.008762859356979
4.656521739130435	9.010772160540018
4.669565217391304	9.012755748952729
4.682608695652174	9.014713913584059
4.695652173913043	9.016646937869467
4.708695652173913	9.018555099777824
4.721739130434782	9.020438671896573
4.734782608695652	9.022297921515445
4.747826086956522	9.024133110709306
4.760869565217392	9.025944496420317
4.773913043478261	9.027732330539433
4.78695652173913	9.02949685998621
4.8	9.03123832678518
4.81304347826087	9.032956948605646
4.826086956521739	9.034653006795116
4.839130434782609	9.036326740358259
4.852173913043478	9.037978262385879
4.865217391304347	9.039607815002611
4.878260869565217	9.041215705322493
4.891304347826087	9.042802179367666
4.904347826086957	9.044367379406868
4.917391304347825	9.045911406409576
4.930434782608695	9.047434424483512
4.943478260869565	9.048936718006475
4.956521739130435	9.05041864052628
4.969565217391304	9.051880456904048
4.982608695652174	9.053322147368002
4.995652173913044	9.054743283675428
5.008695652173913	9.056143079354035
5.021739130434782	9.057520647836977
5.034782608695652	9.058875385524562
5.047826086956522	9.060207271753288
5.060869565217391	9.061516821287199
5.07391304347826	9.06280455839639
5.08695652173913	9.064070377710658
5.1	9.065314247986667
5.113043478260869	9.06653662460311
5.126086956521739	9.067737594017338
5.139130434782608	9.068917322996565
5.152173913043478	9.070075974820043
5.165217391304347	9.071213709331575
5.178260869565217	9.072330682991314
5.191304347826087	9.073427048927263
5.204347826086956	9.074502956986775
5.217391304347826	9.07555855378744
5.230434782608695	9.076593982766845
5.243478260869565	9.07760938423127
5.256521739130434	9.078604895403414
5.269565217391304	9.079580650469342
5.282608695652174	9.080536780624898
5.295652173913043	9.081473414121547
5.308695652173912	9.082390676311517
5.321739130434782	9.083288689692125
5.334782608695652	9.084167573949152
5.347826086956522	9.085027445999634
5.360869565217391	9.085868420034268
5.373913043478261	9.086690607560062
5.38695652173913	9.087494117442406
5.399999999999999	9.088279055943543
5.413043478260869	9.08904552676292
5.426086956521739	9.089793631076516
5.439130434782609	9.090523467577633
5.452173913043477	9.091235132513139
5.465217391304347	9.091928719719336
5.478260869565217	9.092604320660927
5.491304347826087	9.093262024468395
5.504347826086956	9.093901917973575
5.517391304347825	9.094524085744117
5.530434782608695	9.095128610117635
5.543478260869565	9.095715571236068
5.556521739130434	9.096285047080032
5.569565217391304	9.09683711350293
5.582608695652174	9.097371844264213
5.595652173913043	9.097889311061735
5.608695652173912	9.098389583563055
5.621739130434782	9.098872729436174
5.634782608695652	9.099338814379976
5.647826086956521	9.099787902154793
5.660869565217391	9.100220054612826
5.67391304347826	9.100635331728181
5.68695652173913	9.101033791625769
5.7	9.10141549060921
5.71304347826087	9.101780483190435
5.72608695652174	9.102128822116972
5.739130434782609	9.102460558399018
5.752173913043478	9.102775741337116
5.765217391304348	9.103074418548978
5.778260869565218	9.103356635995432
5.791304347826087	9.103622438005569
5.804347826086957	9.103871867301944
5.817391304347826	9.104104965025748
5.830434782608696	9.104321770761906
5.843478260869565	9.104522322564019
5.856521739130435	9.104706656978884
5.869565217391305	9.10487480907056
5.882608695652174	9.105026812443796
5.895652173913044	9.105162699266865
5.908695652173913	9.105282500293722
5.921739130434783	9.10538624488577
5.934782608695652	9.105473961033338
5.947826086956522	9.105545675377257
5.960869565217392	9.105601413230636
5.973913043478261	9.105641198600948
5.98695652173913	9.105665054211672
6	9.105673001521478
