0 0 -3.689363880090095e-17
8 0 -1.604264177999831e-19
8 4 -1.837710985486398e-18
0 4 -4.703164610032053e-17
4 0 -7.069823957906257e-18
4 4 5.947780569649281e-17
0 3.789473684210527 -5.763015031926183e-17
0 3.578947368421053 -4.185552268303971e-17
0 3.368421052631579 -1.79744524035659e-17
0 3.157894736842105 1.938125871823373e-18
0 2.947368421052632 1.108768747783176e-17
0 2.736842105263158 7.048773148666866e-18
0 2.526315789473684 -9.146355564495491e-18
0 2.315789473684211 -3.391906087604705e-17
0 2.105263157894737 -6.205567334848286e-17
0 1.894736842105263 -8.761883647493715e-17
0 1.684210526315789 -1.048588512617189e-16
0 1.473684210526316 -1.09125020810848e-16
0 1.263157894736842 -9.77769949025904e-17
0 1.052631578947369 -7.109611457799465e-17
0 0.8421052631578947 -3.319675672142707e-17
0 0.6315789473684212 7.062321356891974e-18
0 0.4210526315789473 3.516663733835294e-17
0 0.2105263157894739 3.003463931342075e-17
0.2105263157894737 0 1.02924584114504e-17
0.4210526315789473 0 1.998494773143792e-17
0.631578947368421 0 1.071310644942831e-17
0.8421052631578947 0 -4.194672820863925e-18
1.052631578947368 0 -1.594452040951265e-17
1.263157894736842 0 -1.961072785751618e-17
1.473684210526316 0 -1.346938618393336e-17
1.684210526315789 0 1.667975846980207e-18
1.894736842105263 0 2.312075345863613e-17
2.105263157894737 0 4.700562759497708e-17
2.315789473684211 0 6.890292665334066e-17
2.526315789473684 0 8.452298821732323e-17
2.736842105263158 0 9.03725207896439e-17
2.947368421052631 0 8.442096552500838e-17
3.157894736842105 0 6.676685796297266e-17
3.368421052631579 0 4.030418976080736e-17
3.578947368421053 0 1.138877042636098e-17
3.789473684210526 0 -9.495410949075807e-18
3.789473684210527 0.2105263157894737 0.3706636586422689
3.578947368421053 0.4210526315789473 0.6927455874351781
3.368421052631579 0.631578947368421 0.9668362385271037
3.157894736842105 0.8421052631578947 1.192833927213881
2.947368421052632 1.052631578947368 1.370235117508
2.736842105263158 1.263157894736842 1.49842470770782
2.526315789473684 1.473684210526316 1.576966315966772
2.315789473684211 1.684210526315789 1.605892565862564
2.105263157894737 1.894736842105263 1.58599537196639
1.894736842105263 2.105263157894737 1.51911622541213
1.684210526315789 2.315789473684211 1.408436479465562
1.473684210526316 2.526315789473684 1.258767635093568
1.263157894736842 2.736842105263158 1.076841626533333
1.052631578947369 2.947368421052631 0.8716011068615579
0.8421052631578947 3.157894736842105 0.6544897335636626
0.6315789473684212 3.368421052631579 0.4397424541029938
0.4210526315789473 3.578947368421053 0.2446757914900272
0.2105263157894739 3.789473684210526 0.08997812985157713
4.210526315789473 0 -1.560981421821335e-17
4.421052631578947 0 -1.66876297539192e-17
4.631578947368421 0 -1.381314507020456e-17
4.842105263157895 0 -9.661242986773868e-18
5.052631578947368 0 -6.152845085293004e-18
5.263157894736842 0 -4.535942156827203e-18
5.473684210526316 0 -5.466624649278823e-18
5.684210526315789 0 -9.090113114825186e-18
5.894736842105263 0 -1.512178865735637e-17
6.105263157894736 0 -2.292822337991306e-17
6.315789473684211 0 -3.160821083212436e-17
6.526315789473684 0 -4.007379645764557e-17
6.736842105263158 0 -4.713130804159606e-17
6.947368421052632 0 -5.156238615799711e-17
7.157894736842105 0 -5.220501461720963e-17
7.368421052631579 0 -4.803455091337204e-17
7.578947368421053 0 -3.824475667183816e-17
7.789473684210526 0 -2.232882809661485e-17
8 0.2105263157894737 -7.840751941255915e-17
8 0.4210526315789473 -1.008443591191527e-16
8 0.631578947368421 -9.292371630306598e-17
8 0.8421052631578947 -7.301699110909597e-17
8 1.052631578947368 -5.33466342416031e-17
8 1.263157894736842 -4.091856814476453e-17
8 1.473684210526316 -3.845460818282655e-17
8 1.684210526315789 -4.532488382035727e-17
8 1.894736842105263 -5.84802598024993e-17
8 2.105263157894737 -7.338475733522242e-17
8 2.315789473684211 -8.49479752655761e-17
8 2.526315789473684 -8.84575112619424e-17
8 2.736842105263158 -8.051138299428837e-17
8 2.947368421052631 -5.995044931441885e-17
8 3.157894736842105 -2.879083143622904e-17
8 3.368421052631579 6.843665884042516e-18
8 3.578947368421053 3.578913316756195e-17
8 3.789473684210526 4.090913503264685e-17
7.789473684210527 3.789473684210527 0.08997812985167947
7.578947368421053 3.578947368421053 0.2446757914901571
7.368421052631579 3.368421052631579 0.4397424541030984
7.157894736842105 3.157894736842105 0.654489733563711
6.947368421052632 2.947368421052632 0.8716011068615344
6.736842105263158 2.736842105263158 1.076841626533239
6.526315789473684 2.526315789473684 1.258767635093415
6.315789473684211 2.315789473684211 1.408436479465371
6.105263157894737 2.105263157894737 1.519116225411926
5.894736842105264 1.894736842105263 1.585995371966203
5.684210526315789 1.684210526315789 1.605892565862423
5.473684210526316 1.473684210526316 1.576966315966699
5.263157894736842 1.263157894736842 1.498424707707832
5.052631578947368 1.052631578947369 1.370235117508102
4.842105263157895 0.8421052631578947 1.192833927214064
4.631578947368421 0.6315789473684212 0.9668362385273421
4.421052631578947 0.4210526315789473 0.6927455874354211
4.210526315789474 0.2105263157894739 0.370663658642443
3.789473684210527 4 -7.326215050557584e-17
3.578947368421053 4 -1.217207880305315e-16
3.368421052631579 4 -1.170220870174064e-16
3.157894736842105 4 -8.332492426051463e-17
2.947368421052632 4 -3.858280485609306e-17
2.736842105263158 4 4.696406151056272e-18
2.526315789473684 4 3.869075212092452e-17
2.315789473684211 4 5.950445317165441e-17
2.105263157894737 4 6.640817453289831e-17
1.894736842105263 4 6.107929489917639e-17
1.684210526315789 4 4.684217478323497e-17
1.473684210526316 4 2.790842486940474e-17
1.263157894736842 4 8.617174366958836e-18
1.052631578947369 4 -7.324660636528888e-18
0.8421052631578947 4 -1.760210882182553e-17
0.6315789473684212 4 -2.205187528468104e-17
0.4210526315789473 4 -2.342207318247002e-17
0.2105263157894739 4 -2.813195538083345e-17
4 0.2105263157894737 0.3694127538522058
4 0.4210526315789473 0.6952975703532759
4 0.631578947368421 0.9785304762604046
4 0.8421052631578947 1.219877994986132
4 1.052631578947368 1.41999714659834
4 1.263157894736842 1.579435447820259
4 1.473684210526316 1.698630912030466
4 1.684210526315789 1.77791204926289
4 1.894736842105263 1.817497866206811
4 2.105263157894737 1.81749786620686
4 2.315789473684211 1.777912049263028
4 2.526315789473684 1.698630912030661
4 2.736842105263158 1.579435447820464
4 2.947368421052631 1.419997146598501
4 3.157894736842105 1.219877994986202
4 3.368421052631579 0.9785304762603602
4 3.578947368421053 0.695297570353133
4 3.789473684210526 0.3694127538520477
7.789473684210527 4 5.186170250252812e-18
7.578947368421053 4 -5.040032685569072e-18
7.368421052631579 4 -1.829146703084622e-17
7.157894736842105 4 -2.57879519443772e-17
6.947368421052632 4 -2.331701839187413e-17
6.736842105263158 4 -1.035694903197197e-17
6.526315789473684 4 1.080018189776225e-17
6.315789473684211 4 3.592546869482028e-17
6.105263157894737 4 5.973013430574327e-17
5.894736842105264 4 7.674249044011267e-17
5.684210526315789 4 8.21848976845409e-17
5.473684210526316 4 7.285072561666213e-17
5.263157894736842 4 4.798131291912318e-17
5.052631578947368 4 1.014292749357389e-17
4.842105263157895 4 -3.389627342534152e-17
4.631578947368421 4 -7.228928315599402e-17
4.421052631578947 4 -8.723328545577928e-17
4.210526315789474 4 -5.409269440712641e-17
0.2105263157894737 3.578947368421053 0.1365617238348417
0.4210526315789473 3.368421052631579 0.3218020908358289
0.631578947368421 3.157894736842105 0.53352148031477
0.8421052631578947 2.947368421052632 0.7530157336112748
1.052631578947368 2.736842105263158 0.9647858685235493
1.263157894736842 2.526315789473685 1.156247793739188
1.473684210526316 2.315789473684211 1.317442023265972
1.684210526315789 2.105263157894737 1.440743390862657
1.894736842105263 1.894736842105263 1.520570764469777
2.105263157894737 1.68421052631579 1.553096760640425
2.315789473684211 1.473684210526316 1.535957458971059
2.526315789473684 1.263157894736842 1.46796211653229
2.736842105263158 1.052631578947369 1.348802882299678
2.947368421052631 0.8421052631578951 1.178764511584524
3.157894736842105 0.6315789473684212 0.9584340804646666
3.368421052631579 0.4210526315789478 0.6884107002152786
3.578947368421052 0.2105263157894743 0.3690152317396527
0.2105263157894737 3.368421052631579 0.1760455425598393
0.4210526315789473 3.157894736842105 0.3857297104057407
0.631578947368421 2.947368421052632 0.6089145178010584
0.8421052631578947 2.736842105263158 0.8287907563792054
1.052631578947368 2.526315789473684 1.031587709574451
1.263157894736842 2.315789473684211 1.206282867052715
1.473684210526316 2.105263157894737 1.344311639142353
1.684210526315789 1.894736842105263 1.439277071264966
1.894736842105263 1.68421052631579 1.486659558366179
2.105263157894737 1.473684210526316 1.483526559346448
2.315789473684211 1.263157894736842 1.428242311491841
2.526315789473684 1.052631578947369 1.320177544904848
2.736842105263158 0.8421052631578951 1.159419196935158
2.947368421052631 0.6315789473684212 0.9464801266104651
3.157894736842105 0.4210526315789473 0.6820088290672581
3.368421052631579 0.2105263157894739 0.3664991499816164
0.2105263157894737 3.157894736842105 0.2090938667651289
0.4210526315789473 2.947368421052631 0.4376894610131886
0.631578947368421 2.736842105263158 0.6676211567864585
0.8421052631578947 2.526315789473684 0.8838854208395381
1.052631578947368 2.315789473684211 1.074350527070139
1.263157894736842 2.105263157894737 1.229466270949884
1.473684210526316 1.894736842105263 1.341973683955089
1.684210526315789 1.684210526315789 1.406614747997577
1.894736842105263 1.473684210526316 1.419842109855449
2.105263157894737 1.263157894736842 1.3795287956039
2.315789473684211 1.052631578947368 1.284677925045994
2.526315789473684 0.8421052631578947 1.135132426143471
2.736842105263158 0.6315789473684212 0.9312847494475389
2.947368421052631 0.4210526315789473 0.6737865825296625
3.157894736842105 0.2105263157894735 0.3632585644123593
0.2105263157894737 2.947368421052632 0.2362453986632239
0.4210526315789473 2.736842105263158 0.4786609964195058
0.631578947368421 2.526315789473684 0.710964251917434
0.8421052631578947 2.315789473684211 0.919868031860172
1.052631578947368 2.105263157894737 1.094790325436257
1.263157894736842 1.894736842105263 1.227563958750392
1.473684210526316 1.68421052631579 1.312146309254241
1.684210526315789 1.473684210526316 1.344329020177218
1.894736842105263 1.263157894736842 1.321447714957293
2.105263157894737 1.052631578947369 1.242091711671768
2.315789473684211 0.8421052631578947 1.105813737468093
2.526315789473684 0.6315789473684212 0.9128396429946412
2.736842105263158 0.4210526315789478 0.6637781168315111
2.947368421052631 0.2105263157894739 0.3593303999213203
0.2105263157894737 2.736842105263158 0.2579132619405911
0.4210526315789473 2.526315789473685 0.5093728133339365
0.631578947368421 2.315789473684211 0.7398899222623111
0.8421052631578947 2.105263157894737 0.9378045802048257
1.052631578947368 1.894736842105263 1.093995216468222
1.263157894736842 1.68421052631579 1.201588412617666
1.473684210526316 1.473684210526316 1.255668616907542
1.684210526315789 1.263157894736842 1.252987858712252
1.894736842105263 1.052631578947369 1.191675462956997
2.105263157894737 0.8421052631578951 1.070947764548587
2.315789473684211 0.6315789473684212 0.8908178228062192
2.526315789473684 0.4210526315789478 0.6518051358922856
2.736842105263158 0.2105263157894743 0.3546453552431635
0.2105263157894737 2.526315789473684 0.2743850017576528
0.4210526315789473 2.315789473684211 0.5303022514136323
0.631578947368421 2.105263157894737 0.7549675513112803
0.8421052631578947 1.894736842105263 0.9382587425330338
1.052631578947368 1.68421052631579 1.072425419331222
1.263157894736842 1.473684210526316 1.151798643558854
1.473684210526316 1.263157894736842 1.172500659100418
1.684210526315789 1.052631578947369 1.132154606302675
1.894736842105263 0.8421052631578949 1.029594236405449
2.105263157894737 0.6315789473684212 0.8645736259724259
2.315789473684211 0.4210526315789473 0.6374768913219451
2.526315789473684 0.2105263157894739 0.3490279029577942
0.2105263157894737 2.315789473684211 0.2858225847487862
0.4210526315789473 2.105263157894737 0.5416754932636537
0.631578947368421 1.894736842105263 0.7563897869763933
0.8421052631578947 1.684210526315789 0.9212918814001513
1.052631578947368 1.473684210526316 1.029913260560219
1.263157894736842 1.263157894736842 1.077700191424834
1.473684210526316 1.052631578947368 1.061723438335966
1.684210526315789 0.8421052631578947 0.9803879774401189
1.894736842105263 0.631578947368421 0.8331427111191183
2.105263157894737 0.4210526315789473 0.6201901824209097
2.315789473684211 0.2105263157894735 0.3421962894903487
0.2105263157894737 2.105263157894737 0.2922623990223215
0.4210526315789473 1.894736842105263 0.5434675644369709
0.631578947368421 1.68421052631579 0.7439725415915684
0.8421052631578947 1.473684210526316 0.8864630452573465
1.052631578947368 1.263157894736842 0.9656631740599474
1.263157894736842 1.052631578947369 0.9780451249102092
1.473684210526316 0.8421052631578949 0.9215389074349696
1.684210526315789 0.6315789473684212 0.7952420584078532
1.894736842105263 0.4210526315789476 0.5991293561800685
2.105263157894737 0.2105263157894739 0.3337625351111979
0.2105263157894737 1.894736842105263 0.2936152541605443
0.4210526315789473 1.68421052631579 0.5354023334344623
0.631578947368421 1.473684210526316 0.717154991912583
0.8421052631578947 1.263157894736842 0.8328289684516108
1.052631578947368 1.052631578947369 0.87825170110491
1.263157894736842 0.8421052631578951 0.8508320415533103
1.473684210526316 0.6315789473684215 0.7492699695358906
1.684210526315789 0.4210526315789478 0.5732663072807805
1.894736842105263 0.2105263157894741 0.3232324339359479
0.2105263157894737 1.68421052631579 0.2896663812196945
0.4210526315789473 1.473684210526316 0.5169525117049151
0.631578947368421 1.263157894736842 0.6749995791170829
0.8421052631578947 1.052631578947369 0.7589440712257478
1.052631578947368 0.8421052631578949 0.7656274903393878
1.263157894736842 0.6315789473684212 0.6933060677361937
1.473684210526316 0.4210526315789476 0.5413604780948738
1.684210526315789 0.2105263157894739 0.3100055539254376
0.2105263157894737 1.473684210526316 0.2800754327299657
0.4210526315789473 1.263157894736842 0.4873396536450255
0.631578947368421 1.052631578947368 0.6161920088045711
0.8421052631578947 0.8421052631578947 0.662860459718383
1.052631578947368 0.631578947368421 0.6251112977774271
1.263157894736842 0.4210526315789473 0.5019588586846417
1.473684210526316 0.2105263157894737 0.2933752368857412
0.2105263157894737 1.263157894736842 0.264376482695507
0.4210526315789473 1.052631578947369 0.4455341565993987
0.631578947368421 0.8421052631578949 0.5390412509964182
0.8421052631578947 0.6315789473684212 0.5421279259639585
1.052631578947368 0.4210526315789476 0.4533959868028505
1.263157894736842 0.2105263157894739 0.272528598468166
0.2105263157894737 1.052631578947369 0.2419780265944213
0.4210526315789473 0.8421052631578951 0.3902552608605485
0.631578947368421 0.6315789473684215 0.4414795401358574
0.8421052631578947 0.4210526315789478 0.3937939478927323
1.052631578947368 0.2105263157894741 0.2465465281692536
0.2105263157894737 0.8421052631578949 0.2121629813787658
0.4210526315789473 0.6315789473684212 0.3199710496688977
0.631578947368421 0.4210526315789476 0.3210623750879844
0.8421052631578947 0.2105263157894739 0.2144036893307813
0.2105263157894737 0.631578947368421 0.1740886854745521
0.4210526315789473 0.4210526315789473 0.2328984492127774
0.631578947368421 0.2105263157894737 0.1749685191397573
0.2105263157894737 0.4210526315789476 0.1267868987817475
0.4210526315789473 0.2105263157894739 0.1270032286284288
0.2105263157894737 0.2105263157894741 0.06916380267427175
4.421052631578947 0.2105263157894737 0.3690152317397643
4.631578947368421 0.4210526315789473 0.6884107002154284
4.842105263157895 0.631578947368421 0.9584340804648016
5.052631578947368 0.8421052631578947 1.178764511584609
5.263157894736842 1.052631578947368 1.348802882299699
5.473684210526315 1.263157894736842 1.467962116532244
5.684210526315789 1.473684210526316 1.535957458970954
5.894736842105263 1.684210526315789 1.553096760640275
6.105263157894736 1.894736842105263 1.520570764469602
6.315789473684211 2.105263157894737 1.440743390862481
6.526315789473684 2.315789473684211 1.317442023265813
6.736842105263158 2.526315789473684 1.156247793739067
6.947368421052631 2.736842105263158 0.9647858685234778
7.157894736842104 2.947368421052631 0.7530157336112575
7.368421052631579 3.157894736842105 0.5335214803147996
7.578947368421052 3.368421052631579 0.3218020908358884
7.789473684210526 3.578947368421052 0.136561723834897
4.63157894736842 0.2105263157894737 0.3664991499816974
4.842105263157894 0.4210526315789473 0.6820088290673646
5.052631578947368 0.631578947368421 0.9464801266105572
5.263157894736842 0.8421052631578947 1.159419196935211
5.473684210526315 1.052631578947368 1.320177544904851
5.684210526315789 1.263157894736842 1.428242311491794
5.894736842105263 1.473684210526316 1.483526559346353
6.105263157894736 1.684210526315789 1.48665955836605
6.31578947368421 1.894736842105263 1.439277071264816
6.526315789473683 2.105263157894737 1.344311639142201
6.736842105263158 2.315789473684211 1.206282867052574
6.947368421052631 2.526315789473684 1.031587709574337
7.157894736842104 2.736842105263158 0.8287907563791256
7.368421052631579 2.947368421052631 0.6089145178010154
7.578947368421052 3.157894736842105 0.3857297104057305
7.789473684210526 3.368421052631579 0.1760455425598469
4.842105263157895 0.2105263157894737 0.3632585644124342
5.052631578947368 0.4210526315789473 0.6737865825297632
5.263157894736842 0.631578947368421 0.9312847494476333
5.473684210526316 0.8421052631578947 1.135132426143536
5.684210526315789 1.052631578947368 1.284677925046015
5.894736842105264 1.263157894736842 1.379528795603876
6.105263157894737 1.473684210526316 1.41984210985538
6.315789473684211 1.684210526315789 1.406614747997471
6.526315789473684 1.894736842105263 1.341973683954956
6.736842105263158 2.105263157894737 1.229466270949737
6.947368421052632 2.315789473684211 1.074350527069993
7.157894736842105 2.526315789473684 0.8838854208394031
7.368421052631579 2.736842105263158 0.6676211567863484
7.578947368421053 2.947368421052631 0.4376894610131116
7.789473684210527 3.157894736842105 0.2090938667650898
5.052631578947368 0.2105263157894737 0.3593303999214014
5.263157894736842 0.4210526315789473 0.6637781168316276
5.473684210526316 0.631578947368421 0.9128396429947594
5.684210526315789 0.8421052631578947 1.105813737468188
5.894736842105263 1.052631578947368 1.242091711671823
6.105263157894736 1.263157894736842 1.321447714957296
6.315789473684211 1.473684210526316 1.344329020177172
6.526315789473684 1.684210526315789 1.312146309254144
6.736842105263158 1.894736842105263 1.227563958750258
6.947368421052632 2.105263157894737 1.094790325436094
7.157894736842105 2.315789473684211 0.9198680318599981
7.368421052631579 2.526315789473684 0.7109642519172693
7.578947368421052 2.736842105263158 0.4786609964193723
7.789473684210526 2.947368421052631 0.2362453986631439
5.263157894736842 0.2105263157894737 0.3546453552432609
5.473684210526315 0.4210526315789473 0.6518051358924314
5.684210526315789 0.631578947368421 0.8908178228063711
5.894736842105263 0.8421052631578947 1.070947764548715
6.105263157894736 1.052631578947368 1.19167546295708
6.315789473684211 1.263157894736842 1.252987858712275
6.526315789473684 1.473684210526316 1.2556686169075
6.736842105263158 1.684210526315789 1.20158841261756
6.947368421052631 1.894736842105263 1.093995216468062
7.157894736842104 2.105263157894737 0.9378045802046316
7.368421052631579 2.315789473684211 0.7398899222621071
7.578947368421052 2.526315789473684 0.5093728133337553
7.789473684210526 2.736842105263158 0.2579132619404756
5.473684210526316 0.2105263157894737 0.3490279029579102
5.684210526315789 0.4210526315789473 0.63747689132212
5.894736842105264 0.631578947368421 0.8645736259726101
6.105263157894737 0.8421052631578947 1.029594236405603
6.315789473684211 1.052631578947368 1.132154606302771
6.526315789473685 1.263157894736842 1.172500659100439
6.736842105263158 1.473684210526316 1.151798643558793
6.947368421052632 1.684210526315789 1.072425419331084
7.157894736842105 1.894736842105263 0.9382587425328371
7.368421052631579 2.105263157894737 0.7549675513110532
7.578947368421053 2.315789473684211 0.5303022514134185
7.789473684210527 2.526315789473684 0.2743850017575105
5.684210526315789 0.2105263157894737 0.3421962894904821
5.894736842105264 0.4210526315789473 0.6201901824211069
6.105263157894737 0.631578947368421 0.8331427111193213
6.315789473684211 0.8421052631578947 0.9803879774402821
6.526315789473684 1.052631578947368 1.061723438336055
6.736842105263158 1.263157894736842 1.077700191424831
6.947368421052632 1.473684210526316 1.029913260560121
7.157894736842105 1.684210526315789 0.9212918813999705
7.368421052631579 1.894736842105263 0.7563897869761624
7.578947368421053 2.105263157894737 0.5416754932634228
7.789473684210527 2.315789473684211 0.2858225847486246
5.894736842105263 0.2105263157894737 0.3337625351113442
6.105263157894736 0.4210526315789473 0.5991293561802779
6.315789473684211 0.631578947368421 0.7952420584080594
6.526315789473684 0.8421052631578947 0.9215389074351188
6.736842105263158 1.052631578947368 0.9780451249102684
6.947368421052632 1.263157894736842 0.9656631740598997
7.157894736842105 1.473684210526316 0.8864630452571997
7.368421052631579 1.684210526315789 0.7439725415913503
7.578947368421052 1.894736842105263 0.5434675644367365
7.789473684210526 2.105263157894737 0.2922623990221496
6.105263157894736 0.2105263157894737 0.3232324339360995
6.315789473684211 0.4210526315789473 0.5732663072809885
6.526315789473684 0.631578947368421 0.7492699695360798
6.736842105263158 0.8421052631578947 0.8508320415534263
6.947368421052631 1.052631578947368 0.8782517011049201
7.157894736842104 1.263157894736842 0.8328289684515096
7.368421052631579 1.473684210526316 0.7171549919123942
7.578947368421052 1.684210526315789 0.5354023334342384
7.789473684210526 1.894736842105263 0.2936152541603715
6.31578947368421 0.2105263157894737 0.3100055539255861
6.526315789473683 0.4210526315789473 0.5413604780950648
6.736842105263158 0.631578947368421 0.6933060677363485
6.947368421052631 0.8421052631578947 0.7656274903394514
7.157894736842104 1.052631578947368 0.758944071225701
7.368421052631579 1.263157894736842 0.6749995791169341
7.578947368421052 1.473684210526316 0.5169525117047146
7.789473684210526 1.684210526315789 0.2896663812195286
6.526315789473684 0.2105263157894737 0.2933752368858771
6.736842105263158 0.4210526315789473 0.5019588586848031
6.947368421052632 0.631578947368421 0.6251112977775323
7.157894736842105 0.8421052631578947 0.6628604597183883
7.368421052631579 1.052631578947368 0.6161920088044712
7.578947368421053 1.263157894736842 0.4873396536448575
7.789473684210527 1.473684210526316 0.2800754327298151
6.736842105263158 0.2105263157894737 0.2725285984682816
6.947368421052632 0.4210526315789473 0.4533959868029698
7.157894736842105 0.631578947368421 0.5421279259640065
7.368421052631579 0.8421052631578947 0.5390412509963689
7.578947368421052 1.052631578947368 0.445534156599271
7.789473684210526 1.263157894736842 0.2643764826953778
6.947368421052631 0.2105263157894737 0.2465465281693431
7.157894736842104 0.4210526315789473 0.3937939478928028
7.368421052631579 0.631578947368421 0.4414795401358519
7.578947368421052 0.8421052631578947 0.390255260860465
7.789473684210526 1.052631578947368 0.2419780265943175
7.157894736842105 0.2105263157894737 0.2144036893308404
7.368421052631579 0.4210526315789473 0.321062375088009
7.578947368421053 0.631578947368421 0.3199710496688541
7.789473684210527 0.8421052631578947 0.2121629813786904
7.368421052631579 0.2105263157894737 0.1749685191397874
7.578947368421053 0.4210526315789473 0.2328984492127666
7.789473684210527 0.631578947368421 0.174088685474504
7.578947368421052 0.2105263157894737 0.1270032286284344
7.789473684210526 0.4210526315789473 0.1267868987817241
7.789473684210526 0.2105263157894737 0.06916380267426549
3.789473684210527 3.789473684210527 0.3690516794903335
3.789473684210527 3.578947368421053 0.6945085500051547
3.789473684210527 3.368421052631579 0.9773046954154075
3.789473684210527 3.157894736842105 1.218255090690858
3.789473684210527 2.947368421052632 1.418055601900092
3.789473684210527 2.736842105263158 1.577282986210512
3.789473684210527 2.526315789473684 1.696394891888341
3.789473684210527 2.315789473684211 1.775729858298612
3.789473684210527 2.105263157894737 1.815507315905174
3.789473684210527 1.894736842105263 1.815827586270685
3.789473684210527 1.684210526315789 1.776671882056613
3.789473684210527 1.473684210526316 1.697902307023235
3.789473684210527 1.263157894736842 1.579261856029633
3.789473684210527 1.052631578947369 1.42037441503369
3.789473684210527 0.8421052631578947 1.220744761092093
3.789473684210527 0.6315789473684212 0.9797585623603355
3.789473684210527 0.4210526315789478 0.6966823780926996
3.578947368421053 3.789473684210527 0.3679002302716515
3.578947368421053 3.578947368421053 0.6921313497627285
3.578947368421053 3.368421052631579 0.9736989189855461
3.578947368421053 3.157894736842105 1.213479783994693
3.578947368421053 2.947368421052632 1.412222076387032
3.578947368421053 2.736842105263158 1.570545213301695
3.578947368421053 2.526315789473684 1.68893989742008
3.578947368421053 2.315789473684211 1.767768116965855
3.578947368421053 2.105263157894737 1.807263145704952
3.578947368421053 1.894736842105263 1.807529542945568
3.578947368421053 1.684210526315789 1.768543153538155
3.578947368421053 1.473684210526316 1.690151107875433
3.578947368421053 1.263157894736842 1.572071821892376
3.578947368421053 1.052631578947369 1.413894997066211
3.578947368421053 0.8421052631578947 1.215081620416424
3.578947368421053 0.6315789473684212 0.9749639645047502
3.368421052631579 3.789473684210527 0.3659527558686169
3.368421052631579 3.578947368421053 0.6881778353133479
3.368421052631579 3.368421052631579 0.9677656950154109
3.368421052631579 3.157894736842105 1.20566847164175
3.368421052631579 2.947368421052632 1.402699981845033
3.368421052631579 2.736842105263158 1.559535722263652
3.368421052631579 2.526315789473684 1.676712869521714
3.368421052631579 2.315789473684211 1.754630280229054
3.368421052631579 2.105263157894737 1.793548490981215
3.368421052631579 1.894736842105263 1.793589718359466
3.368421052631579 1.684210526315789 1.754737858930774
3.368421052631579 1.473684210526316 1.67683848924783
3.368421052631579 1.263157894736842 1.559598865849034
3.368421052631579 1.052631578947369 1.402587925258489
3.368421052631579 0.8421052631578947 1.205236283986006
3.157894736842105 3.789473684210527 0.36315543691292
3.157894736842105 3.578947368421053 0.6825635342626575
3.157894736842105 3.368421052631579 0.9594130644268645
3.157894736842105 3.157894736842105 1.194744874212371
3.157894736842105 2.947368421052632 1.389451884855182
3.157894736842105 2.736842105263158 1.544279092020479
3.157894736842105 2.526315789473684 1.659823565802617
3.157894736842105 2.315789473684211 1.736534450725115
3.157894736842105 2.105263157894737 1.774712965740673
3.157894736842105 1.894736842105263 1.774512404231144
3.157894736842105 1.684210526315789 1.735938134007561
3.157894736842105 1.473684210526316 1.658847597310112
3.157894736842105 1.263157894736842 1.542950310808148
3.157894736842105 1.052631578947369 1.387807865600181
2.947368421052632 3.789473684210527 0.3594062849953277
2.947368421052632 3.578947368421053 0.6751076361344548
2.947368421052632 3.368421052631579 0.9484045610189988
2.947368421052632 3.157894736842105 1.180440036123206
2.947368421052632 2.947368421052632 1.372199506793951
2.947368421052632 2.736842105263158 1.524510887250736
2.947368421052632 2.526315789473684 1.638044560585686
2.947368421052632 2.315789473684211 1.713313378763555
2.947368421052632 2.105263157894737 1.750672662621706
2.947368421052632 1.894736842105263 1.750320201870137
2.947368421052632 1.684210526315789 1.712296255091451
2.947368421052632 1.473684210526316 1.63648354974087
2.947368421052632 1.263157894736842 1.522607282146237
2.736842105263158 3.789473684210527 0.3545551426656831
2.736842105263158 3.578947368421053 0.6655329923706905
2.736842105263158 3.368421052631579 0.9343592114681341
2.736842105263158 3.157894736842105 1.162292325627208
2.736842105263158 2.947368421052632 1.35042372383319
2.736842105263158 2.736842105263158 1.49967765838743
2.736842105263158 2.526315789473684 1.610811244907362
2.736842105263158 2.315789473684211 1.684414462326491
2.736842105263158 2.105263157894737 1.720910152894396
2.736842105263158 1.894736842105263 1.720554022176726
2.736842105263158 1.684210526315789 1.683434639055205
2.736842105263158 1.473684210526316 1.609473435727619
2.526315789473684 3.789473684210527 0.3484036834329055
2.526315789473684 3.578947368421053 0.6534661163314648
2.526315789473684 3.368421052631579 0.9167515353278162
2.526315789473684 3.157894736842105 1.139647434813636
2.526315789473684 2.947368421052632 1.323364566940127
2.526315789473684 2.736842105263158 1.46893694161803
2.526315789473684 2.526315789473684 1.57722182651761
2.526315789473684 2.315789473684211 1.648899747068659
2.526315789473684 2.105263157894737 1.684474486460497
2.526315789473684 1.894736842105263 1.684273085641967
2.526315789473684 1.684210526315789 1.648445843321431
2.315789473684211 3.789473684210527 0.3407054117649899
2.315789473684211 3.578947368421053 0.6384371832950321
2.315789473684211 3.368421052631579 0.8949115450288238
2.315789473684211 3.157894736842105 1.111658379608049
2.315789473684211 2.947368421052632 1.290021221877378
2.315789473684211 2.736842105263158 1.43115725888446
2.315789473684211 2.526315789473684 1.536037329879929
2.315789473684211 2.315789473684211 1.605445926317397
2.315789473684211 2.105263157894737 1.639981191853455
2.315789473684211 1.894736842105263 1.640054922347663
2.105263157894737 3.789473684210527 0.3311656630890076
2.105263157894737 3.578947368421053 0.6198800304577987
2.105263157894737 3.368421052631579 0.8680247458791589
2.105263157894737 3.157894736842105 1.077285499772316
2.105263157894737 2.947368421052632 1.249152029202929
2.105263157894737 2.736842105263158 1.384918117883099
2.105263157894737 2.526315789473684 1.485681596171353
2.105263157894737 2.315789473684211 1.552344341072656
2.105263157894737 2.105263157894737 1.585612276238394
1.894736842105263 3.789473684210527 0.3194416037911061
1.894736842105263 3.578947368421053 0.5971321569343225
1.894736842105263 3.368421052631579 0.8351321360640567
1.894736842105263 3.157894736842105 1.035296458904605
1.894736842105263 2.947368421052632 1.199274484270158
1.894736842105263 2.736842105263158 1.328510012064785
1.894736842105263 2.526315789473684 1.424241283282449
1.894736842105263 2.315789473684211 1.487500980006988
1.684210526315789 3.789473684210527 0.3051422312165084
1.684210526315789 3.578947368421053 0.5694347237573141
1.684210526315789 3.368421052631579 0.795130206645975
1.684210526315789 3.157894736842105 0.9842662444393921
1.684210526315789 2.947368421052632 1.138665237227811
1.684210526315789 2.736842105263158 1.25993442063481
1.684210526315789 2.526315789473684 1.34946586581731
1.473684210526316 3.789473684210527 0.2878283736695142
1.473684210526316 3.578947368421053 0.5359325538776353
1.473684210526316 3.368421052631579 0.7467709415646036
1.473684210526316 3.157894736842105 0.9225771676474575
1.473684210526316 2.947368421052632 1.065360093020023
1.473684210526316 2.736842105263158 1.176903808552925
1.263157894736842 3.789473684210527 0.2670126904134993
1.263157894736842 3.578947368421053 0.4956741321643013
1.263157894736842 3.368421052631579 0.6886618176368606
1.263157894736842 3.157894736842105 0.8484188636358814
1.263157894736842 2.947368421052632 0.9771540113863075
1.052631578947369 3.789473684210527 0.2421596716709147
1.052631578947369 3.578947368421053 0.4476116054044785
1.052631578947369 3.368421052631579 0.6192658045568913
1.052631578947369 3.157894736842105 0.7597882913480529
0.8421052631578947 3.789473684210527 0.2126856386232882
0.8421052631578947 3.578947368421053 0.390600782303486
0.8421052631578947 3.368421052631579 0.5369013648960677
0.6315789473684212 3.789473684210527 0.1779587434112238
0.6315789473684212 3.578947368421053 0.3234011334847944
0.4210526315789478 3.789473684210527 0.1372989691344013
4.210526315789473 0.4210526315789473 0.6966823780928312
4.210526315789473 0.631578947368421 0.979758562360442
4.210526315789473 0.8421052631578947 1.220744761092187
4.210526315789473 1.052631578947368 1.420374415033776
4.210526315789473 1.263157894736842 1.579261856029716
4.210526315789473 1.473684210526316 1.697902307023315
4.210526315789473 1.684210526315789 1.776671882056687
4.210526315789473 1.894736842105263 1.815827586270748
4.210526315789473 2.105263157894737 1.815507315905221
4.210526315789473 2.315789473684211 1.77572985829864
4.210526315789473 2.526315789473684 1.696394891888345
4.210526315789473 2.736842105263158 1.577282986210492
4.210526315789473 2.947368421052631 1.418055601900046
4.210526315789473 3.157894736842105 1.218255090690792
4.210526315789473 3.368421052631579 0.9773046954153282
4.210526315789473 3.578947368421052 0.6945085500050792
4.210526315789473 3.789473684210526 0.3690516794902827
4.421052631578947 0.631578947368421 0.9749639645049236
4.421052631578947 0.8421052631578947 1.215081620416557
4.421052631578947 1.052631578947368 1.413894997066324
4.421052631578947 1.263157894736842 1.572071821892478
4.421052631578947 1.473684210526316 1.690151107875529
4.421052631578947 1.684210526315789 1.768543153538243
4.421052631578947 1.894736842105263 1.807529542945639
4.421052631578947 2.105263157894737 1.807263145705001
4.421052631578947 2.315789473684211 1.767768116965872
4.421052631578947 2.526315789473684 1.688939897420058
4.421052631578947 2.736842105263158 1.57054521330163
4.421052631578947 2.947368421052631 1.412222076386928
4.421052631578947 3.157894736842105 1.213479783994557
4.421052631578947 3.368421052631579 0.973698918985392
4.421052631578947 3.578947368421053 0.6921313497625837
4.421052631578947 3.789473684210526 0.3679002302715539
4.631578947368421 0.8421052631578947 1.205236283986165
4.631578947368421 1.052631578947368 1.402587925258602
4.631578947368421 1.263157894736842 1.559598865849124
4.631578947368421 1.473684210526316 1.676838489247908
4.631578947368421 1.684210526315789 1.754737858930839
4.631578947368421 1.894736842105263 1.793589718359514
4.631578947368421 2.105263157894737 1.793548490981238
4.631578947368421 2.315789473684211 1.75463028022904
4.631578947368421 2.526315789473684 1.676712869521653
4.631578947368421 2.736842105263158 1.55953572226354
4.631578947368421 2.947368421052632 1.402699981844871
4.631578947368421 3.157894736842105 1.205668471641546
4.631578947368421 3.368421052631579 0.9677656950151874
4.631578947368421 3.578947368421052 0.6881778353131408
4.631578947368421 3.789473684210527 0.3659527558684769
4.842105263157895 1.052631578947368 1.387807865600285
4.842105263157895 1.263157894736842 1.542950310808209
4.842105263157895 1.473684210526316 1.658847597310153
4.842105263157895 1.684210526315789 1.73593813400759
4.842105263157895 1.894736842105263 1.774512404231157
4.842105263157895 2.105263157894737 1.774712965740658
4.842105263157895 2.315789473684211 1.736534450725067
4.842105263157895 2.526315789473684 1.659823565802518
4.842105263157895 2.736842105263158 1.544279092020328
4.842105263157895 2.947368421052631 1.389451884854973
4.842105263157895 3.157894736842105 1.194744874212115
4.842105263157895 3.368421052631579 0.9594130644265894
4.842105263157895 3.578947368421052 0.682563534262404
4.842105263157895 3.789473684210526 0.3631554369127497
5.052631578947368 1.263157894736842 1.522607282146273
5.052631578947368 1.473684210526316 1.636483549740873
5.052631578947368 1.684210526315789 1.712296255091436
5.052631578947368 1.894736842105263 1.750320201870109
5.052631578947368 2.105263157894737 1.750672662621659
5.052631578947368 2.315789473684211 1.713313378763475
5.052631578947368 2.526315789473684 1.638044560585561
5.052631578947368 2.736842105263158 1.524510887250557
5.052631578947368 2.947368421052631 1.372199506793713
5.052631578947368 3.157894736842105 1.180440036122921
5.052631578947368 3.368421052631579 0.948404561018691
5.052631578947368 3.578947368421052 0.6751076361341688
5.052631578947368 3.789473684210526 0.3594062849951355
5.263157894736842 1.473684210526316 1.609473435727582
5.263157894736842 1.684210526315789 1.68343463905515
5.263157894736842 1.894736842105263 1.720554022176664
5.263157894736842 2.105263157894737 1.720910152894319
5.263157894736842 2.315789473684211 1.684414462326393
5.263157894736842 2.526315789473684 1.610811244907225
5.263157894736842 2.736842105263158 1.499677658387243
5.263157894736842 2.947368421052631 1.350423723832945
5.263157894736842 3.157894736842105 1.162292325626914
5.263157894736842 3.368421052631579 0.9343592114678146
5.263157894736842 3.578947368421053 0.6655329923703921
5.263157894736842 3.789473684210526 0.3545551426654812
5.473684210526316 1.684210526315789 1.648445843321335
5.473684210526316 1.894736842105263 1.68427308564187
5.473684210526316 2.105263157894737 1.6844744864604
5.473684210526316 2.315789473684211 1.648899747068553
5.473684210526316 2.526315789473684 1.577221826517475
5.473684210526316 2.736842105263158 1.468936941617855
5.473684210526316 2.947368421052631 1.3233645669399
5.473684210526316 3.157894736842105 1.139647434813358
5.473684210526316 3.368421052631579 0.9167515353275104
5.473684210526316 3.578947368421052 0.6534661163311746
5.473684210526316 3.789473684210527 0.3484036834327054
5.684210526315789 1.894736842105263 1.64005492234753
5.684210526315789 2.105263157894737 1.639981191853338
5.684210526315789 2.315789473684211 1.60544592631729
5.684210526315789 2.526315789473684 1.536037329879811
5.684210526315789 2.736842105263158 1.431157258884314
5.684210526315789 2.947368421052631 1.290021221877187
5.684210526315789 3.157894736842105 1.111658379607811
5.684210526315789 3.368421052631579 0.8949115450285526
5.684210526315789 3.578947368421052 0.6384371832947678
5.684210526315789 3.789473684210526 0.3407054117648027
5.894736842105263 2.105263157894737 1.585612276238247
5.894736842105263 2.315789473684211 1.552344341072543
5.894736842105263 2.526315789473684 1.485681596171256
5.894736842105263 2.736842105263158 1.384918117882994
5.894736842105263 2.947368421052631 1.249152029202793
5.894736842105263 3.157894736842105 1.077285499772137
5.894736842105263 3.368421052631579 0.8680247458789431
5.894736842105263 3.578947368421052 0.6198800304575773
5.894736842105263 3.789473684210526 0.3311656630888447
6.105263157894736 2.315789473684211 1.487500980006854
6.105263157894736 2.526315789473684 1.424241283282363
6.105263157894736 2.736842105263158 1.328510012064721
6.105263157894736 2.947368421052631 1.199274484270081
6.105263157894736 3.157894736842105 1.035296458904498
6.105263157894736 3.368421052631579 0.8351321360639101
6.105263157894736 3.578947368421052 0.5971321569341586
6.105263157894736 3.789473684210526 0.3194416037909764
6.315789473684211 2.526315789473684 1.349465865817213
6.315789473684211 2.736842105263158 1.259934420634773
6.315789473684211 2.947368421052632 1.138665237227793
6.315789473684211 3.157894736842105 0.9842662444393591
6.315789473684211 3.368421052631579 0.7951302066459074
6.315789473684211 3.578947368421053 0.5694347237572159
6.315789473684211 3.789473684210527 0.3051422312164195
6.526315789473684 2.736842105263158 1.176903808552884
6.526315789473684 2.947368421052631 1.065360093020046
6.526315789473684 3.157894736842105 0.9225771676474912
6.526315789473684 3.368421052631579 0.746770941564616
6.526315789473684 3.578947368421052 0.535932553877609
6.526315789473684 3.789473684210526 0.287828373669471
6.736842105263158 2.947368421052631 0.9771540113863356
6.736842105263158 3.157894736842105 0.8484188636359639
6.736842105263158 3.368421052631579 0.6886618176369418
6.736842105263158 3.578947368421052 0.4956741321643462
6.736842105263158 3.789473684210526 0.2670126904135022
6.947368421052632 3.157894736842105 0.7597882913481455
6.947368421052632 3.368421052631579 0.619265804557021
6.947368421052632 3.578947368421052 0.4476116054045823
6.947368421052632 3.789473684210526 0.2421596716709625
7.157894736842105 3.368421052631579 0.5369013648962098
7.157894736842105 3.578947368421053 0.3906007823036319
7.157894736842105 3.789473684210527 0.2126856386233726
7.368421052631579 3.578947368421052 0.3234011334849521
7.368421052631579 3.789473684210526 0.177958743411335
7.578947368421052 3.789473684210526 0.1372989691345201
